100 100
-368   63  618  389 -294 -438  784  443 -202 -302 -1000  139 -371 -483 -461  655 -283  763 -907 -740 -278  908   30 -788   99 -446 -779  163 -562 -930 -309  517  474 -317  175  999  556  447  983  -713  102  289  482  607 -801  716 -954 -955  276  330 -957  -36  458 -177 -663  164 -715  670  165  162 -294  671   471 -272   731  476   84  809   933  854 -423 -325  -100 -374  -26  641  245   30 -689  -422 -412 -726 -402  425  745  670 -401  365  192 -407 -286 -420  740  667  902 -655  578 -492  -771 -160
 420 -224  930  829   20 -726 -539  965  504 -865  -142   25 -854  901  139  428 -154 -972 -409 -270 -952  192 -309  260  296  720  188 -336  725  440  723  617 -373 -343  566   27 -428  182   64  -797  808  -13 -376  407 -137 -235  564 -535  -72  112 -304  471  788 -395  372 -911 -138 -723  969  583 -228   56  -726  116  -294 -865 -117 -253  -214  771  729  -24   816 -946 -559  -72 -503  503  989  -155 -204  658  848  844 -715  617 -469  199  102  -96 -434  771  131 -873  325  187  367  938   508 -822
 356 -822  840  875   82  301 -952  204 -222 -445   -15  730  427  863  744 -879 -604 -404 -712 -609 -776  995  369 -517  962 -505  257 -570  902 -116  476  329  673 -740 -619  751 -826   93 -816   178 -222  468  806 -324  306 -759  544  131 -927 -439  274  177  217  629  386 -147 -735 -770 -940 -540  861 -554  -900 -617  -426  185  922 -166  -669 -199  144 -951   629 -852  563 -205 -255 -679  886   372 -606 -830  -26  -28  183 -908  624 -955  754  157   68  985  766  581 -608  803  418 -227   665  864
 380 -832  933 -584  898  648  -74 -723 -673  341  -770 -214  944 -460 -795  908  432 -666 -409  116 -557  593  515 -240  135 -909  158 -948 -171 -537  -80  785  236 -983  914 -493 -425  495 -464  -812  223 1000 -936 -985   18  270 -654  997  843  475 -172 -245   98  462  471  370  224 -874  731  635  941  835  -167  793  -266  524 -117  593   121  586 1000 -778  -488 -798  -76  277  466  873  272  -446 -972 -471 -358 -932 -455  405  513 -295  443  876  462  496  987 -812 -683  564 -299 -419  -441 -857
 768  457 -767 -311  635  864 -774 -140  385  193  -401 -395  145 -832  368  -92  623  -47 -546 -446 -644  311  839  549 -885 -669 -152 -485  590 -447  803  472 -458  -98 -892 -966  551  286 -375   378 -877  314  -52  793 -170 -943  656  921 -696 -620  502 -192  426  515 -564  -59  282 -297  450  713 -971 -801   733 -231  -751  528 -869  445  -193  451  638 -452   354 -132  119 -715 -551 -520 -656  -553 -904  649  775 -799 -673  271 -663 -995 -601  736  103  698 -364 -444  185  797  -32 -352    77 -179
 280 -861 -508 -133  552  523 -700  291   25 -162   482  110  963  639  595  577 -231  229  998  259  -67  464  201  295 -309 -810 -845  561 -216 -989  981   52  183  470  282 -203  -73 -958  679  -613  614  506 -946  656  975  417 -118 -263 -427 -806 -904 -705  993 -772  951  812 -236  901  432 -528 -220 -958   649 -173   801 -526  536  116  -587  625  525 -785  -581  -39 -442  707  106  496 -119  -191 -673  425 -924  389  732 -398 -448  451  557  142  111  723 -802  -82  750  776 -696   27   719 -917
 -35 -848  493  682 -292  958  446 -900  922 -289   768  -72  752  691 -523  296  238 -655  407  779  811  906 -404  428  944  740 -129  774 -427 -606  662 -622 -208  182  125 -673 -201  579  180  -432   96 -916 -962  -88  616  616  334   74  993  971  620 -385  216 -274  675  999  814 -260  483  446 -351 -493  -490 -837  -230  359  655 -196  -641  485  590  714   -39 -754  -94  670  740  825   53  -605  263  -85  447 -338 -366  407  275  725  216 -180 -752   63  460  -28 -554  711  863 -227  -640  929
 295  103  641 -325  492 -478 -934  -83  795 -663   841  150  623  114 -114 -291  818 -639 -537  860 -977 -605  -41  -50  566 -553 -435   60 -457 -661 -714 -482  429 -138  639  992 -123  552  -64  -502  859 -511 -111 -839 -171 -544 -183  286 -192  837 -488    2  102 -292 -237 -804   53 -752  244 -590 -513 -138   293  -32   502 -489 -421 -901   735  786  757 -275  -289  758  980  -60  705 -607 -261  -855 -125 -275 -535   -1 -868 -929  986   20 -204  722 -122  274 -314 -132  236 -941 -795  -51  -564 -504
 634  581  508  310 -470  173 -818 -135 -792 -531  -169  111 -203  619 -358  578 -845 -309 -626  441  -61 -864  603 -931  -42  820  666  200 -106  516  593 -796 -684  965  693 -867 -702  200 -986 -1000  606  935  625   41  467  506 -122  439 -136  212  220 -699 -268 -121 -839 -175 -160 -110  239   71 -130 -963  -999  367    19  836 -124  877   163  -40 -704 -885    22 -532  565  539 -779 -599  399  -948  665 -276 -406  -49  784 -334 -868  798 -396  742 -116 -794 -349  248 -518  580 -383 -685  -860  801
-264 -784 -803  314 -739 -811  645  -21   90  772   577  539 -282 -814 -582  174  626  785 -972  274  926 -178  713  981 -530  109  516  347   53  603   32  285  524  659  561 -674  350 -918 -390  -171  145 -812 -112 -601 -245  253 -815 -848  401  499 -867 -540 -551  394  -69  422 -281  158  753 -430   12 -232   -76 -790  -908 -239  -61 -773  -262  788  127  426  -492  969  138  217 -236  580  162    87 -413  522 -433  104 -693 -513 -810  866 -474 -703 -515   40  321 -218 -433 -676  741 -254   576 -842
 939 -936  652 -172  936 -450 -720  165 -994 -417  -269  535  714  563   66 -267  312  282  696  996  738  723 -207 -163  345 -370   72 -595  434   55  818   14 -510  423 -422  180  652 -896 -494   -16 -335  809  218  555 -943 -543  939 -551 -254 -520 -520 -544 -794  676 -813  -44 -414 1000 -604  882 -300 -259  -174 -793  -233  139  905  271   104 -748 -812 -202   730 -558 -962 -610 -917  861  493  -805  193  164 -392 -218  787 -282  983 -623 -862 -244 -201  694  886  805 -312  162 -241  972  -466 -959
 325  247 -257 -246  419 -561 -138 -922 -353 -911   529  949  550  402 -827  639 -745 -941 -263   11 -316 -526 -422  512 -877  711  607  482 -770  502  738  666  150  -63 -776  236  678 -481 -237   188 -483 -867  764  971  239  771   12  335  697  496  362 -134  238 -229  623 -709 -158  677 -324 -252 -149  628  -116  278   194 -782 -991  317  -328   11  -39 -716  -453  -25 -652  600 -333  531 -561   580  180  630 -218  455  322  671  638  965  -63 -182    3 -354  976  488  340  451   10  298  -442 -306
 -21  399   85  628  898  954  792 -703  937  -77  -236  653 -919  370  226  304  632 -709  178 -678  226  682 -764 -354  959  782  443 -605  663 -505 -978   83  898  -57 -902 -849 -390  547   93   589 -899 -650 -146  -69 -617  121 -448 -694 -249   27  107 -660  -51 -209 -160  200 -181 -983   40  605 -585 -315   744 -332   782  -42 -248  -52   660 -449 -665 -978   611  659  132  380  415 -476  533   546  519  601  577  451 -171 -917 -597  643 -526  514  238  795  135  199  352 -112 -179 -875   708  464
 890 -286  431 -887 -718 -383  938 -265  645 -108  -871  560 -388  191 -747  385  343 -731 -680  451  116  552  594  -84 -450  697 -651  642  842  983 -742 -458  431   17 -435 -560 -283  829   23   586  264 -114 -788 -626  628   53 -931  473  261 -803 -537  579  948  401  299  727 -674   61  -88  912  570  583   -82 -646  -296  172  344 -713  -987 -527 -367  494   625  650  530  916  874 -528  648   856  980 -829  181 -801 -532 -756  298   43 -793  254 -211  -53  512 -110  907 -585  633  963    55 -233
 689 -206 -411 -516 -550  751 -810 -408 -145 -886   332  147  198  440 -462 -159 -243  588  303  162 -251 -181 -564  313 -135  155  845 -572  235 -781  -89 -846  766  771  825 -341  638  -21  -34   -27  772  874  752 -779  419  924 -298 -326 -342  895  627  467  292  997  913  177  188  980  954  985 -915 -717  -399   75   180  847  250  257   736 -581  962 -688   471 -254 -442  672 -155 -408   55    93 -636  568 -804 -595 -551 -360 -982  165  616  228  600 -117  529 -247  130  365 -335 -506  -781  369
-136 -518  132  676 -381 -548 -969 -937 -422 -197   953  502 -531  805 -433  323 -393 -860 -495  925 -659  841    1 -706  989  813  -25  618   54  343 -193  264 -107  553 -601  727 -392 -370 -207    29  340  196  360  728   41  533 -177 -670 -945  684 -352 -783  459  -17  885 -191  188  630 -365 -364  205  916  -334 -767   754  265 -384 -396   525 -572 -537 -509  -881 -276  617  -29  199 -563  437   742   62  416 -895 -914 -645  806  729 -546 -527  433 -370  259  317    4  768  401  859   63   696 -729
-277 -994  993  372  673 -391  867 -147 -568 -567   743 -626 -900  969 -468  -16  203  804 -520 -867  385  307 -754  144 -924  310  308 -548  962  251 -114  675 -885  112  137 -881  333 -504 -884   296  645  466  131 -653  448  381  256 -539 -379 -411 -697 -466  550  656  894  930   65  996  -23 -943 -661  183   293  846  -668  781 -150 -305  -168  614 -396  720   381  118   24  621 -704 -370 -877   666  307  575  214 -934  419 -604 -280   -5 -107  248 -142  372  724  918 -789 -114  -15 -780   732  130
 384 -501 -905  145   85 -125  877 -558  548 -216   732 -260 -904 -213   85  -10  301  322  983 -644  561 -601 -515  -85   54  555  -95   36  711 -372  404  744 -367 -235 -277 -399  915 -125  734  -578 -413 -412  736 -753 -743  243  404  988 -100  892 -618 -695  459  781  924  548 -730  -24 -327  606 -156  674   399 -656  -294 -872 -753 -843  -749  185 -890   55  -495  552  141  767  130  -11  376   474 -465 -765 -606 -608  151  850 -872 -171  315 -951 -681   83  288 -962 -474 -449  454  208   374 -321
 763  -58 -449 -152  926 -693  103 -437 -278 -173  -743 -560 -567  598  138 -914  869  987  816  437  349  243  762   -5 -973 -388 -953 -574 -285 -353 -209  -67  389 -545  145 -291  885  220  231   442 -218  846 -472  272  370 -930 -636 -721  643 -726 -205 -780  161  951  378 -897 -432  823  309  562 -638  760  -658  942   544 -528 -353 -718   779 -821  374 -575   740  -82  796 -361 -520  847 -928   158  887 -877   50  -85  693  581  705  254 -255 -699 -777 -782  529  482 -375  738 -162  843   374  942
-855 -803 -771  967  859  555  780   62  116   17   413  -14  707  365  427  419  217  551  753  819 -768  518  953 -300 -374 -984 -630 -829 -793 -187  153  222  456  346  167 -391  635  -51  -21  -293   15  486 -238 -817  602 -959   52 -565 -364 -918  251  661 -288  777 -248 -489 -997  418 -926  963 -650 -178  -434 -337   888  196 -750 -230    31  140  499  706  -577 -337 -431 -661 -382 -168  413   164  524 -670   18  885  -66 -330  583 -937 -530 -577  746  681 -487  653  663  385 -146 -851  -542  630
 367   52  213 -755  345  687  949 -878  955 -361   477  -29 -179 -469 -280  637 -527  329  908  498 -709  -87  450  306 -541 -329 -980 -535 -832  457  716  619  537  397  467 -205  556  614  835   -39 -705 -228   97 -620 -915  169 -498  943 -856 -446 -524 -688 -906  998  955 -289  236  -15  485 -894  986  488  -617  521  -567 -370 -375  271  -359  982  305  -26   220 -985  794 -963 -445    1  327  -730  -35  636  215 -855 -456 -129  903   -2  145  -78 -528  806 -165 -474  451  309  430  182  -385  955
 638 -462  908  699  440  609 -652 -420  244  752   502  -26  227  592 -848  300   99  856  673 -306  999  225 -257  683 -652 -325  664 -236 -749 -702  949  863  567  404  608  838 -304  773  -61   605 -854  945 -566   60  469 -265  536 -556  457  152  992  732  443 -357 -422  758 -651 -738   36 -489  404 -551  -157  -13   269  265 -266  749  -876  604  147 -342   828 -480  454  118 -827 -510  721  -710 -583 -218  847 -426 -374  396  939 -265  568  155 -326  798  552  829 -602  473 -648  -95  -537  111
-776 -576  -69 -436  964  657 -819 -245 -446  708   808 -409  739 -914  -49  588 -907 -582  560 -677   43  -48 -139 -382  869 -154  185  640 -731  354  653 -857  782  914 -729 -627  689 -880  -93   966 -360  694 -979 -688  591 -136  -86  639 -413 -112 -409 -971  132  669  777  319  877  996  515   13 -100 -520  -467   84   999  -20 -626 -555   933   81 -779  338    76  810   83 -664 -470   28 -832  -679  982  263 -994   27 -164 -879  787 -283 -732 -644  964 -630 -851  664 -205  923 -105  536   407  542
-287 -707 -641 -377 -305 -730  695  693 -855 -336   112  622   -1  568 -539  690  782 -475  533   72  691  -28  538 -652  545 -585  941  938 -145  536  535  178 -282  141  683  296  215  944   46  -808 -216 -925  318  352   78 -387   29 -532  145  -84 -575  583  802  619  212 -380 -752  314  602  165  387 -316  -123 -104  -621 -495  960  316  -163 -527 -539  536  -267 -725  958 -109  104  885 -106  -402  630 -771 -119 -245  739  816  871  -92 -391  -31   35  943 -551   85 -663  800  965  444  -930 -249
 496  130  -28  467  511 -382   79 -869  360 -242  -165  358  949  715  737   92 -942  911   14  847 -914 -149 -257  468  674  967  377 -954  378  857  236 -225 -483 -204  442 -814   98  -91 -536    17 -729  852 -631 -203  227  751  612  383  -73  595  287   74 -995 -941 -103 -466  953 -818   76  677  -39 -657    26   42  -900 -559  203  232   366  961  -28 -847  -872 -458  156 -849 -993  594 -624   499 -288 -710 -823  -36   91  142  522  -79 -143  390  790  -36 -743 -914 -689  664  -97 -556    94 -818
 214  194  575 -682 -956 -477  412  515 -517 -858   275  429  377  206  618    4  151  917  369  564  134  883  989 -356  791  688  147 -522  157  896  894 -653 -752 -205  -47 -603 -355  359  774  -656 -688   50 -848 -173  142  881 -921  371  974 -596 -513  668  866  -76 -800  -21 -762   32 -638 -496  955  116   917 -370    67 -839 -955  203   516 -378   98  416  -440 -327 -297  861  697 -820 -269   864 -571 -538 -940  116  377 -833 -870 -348  218  389  399  192  -42 -868 -460  233 -839  675   112 -946
-515  372  813 -490   58  512 -561 -418  856 -434   811  692  597 -835  285  760  270 -837 -530 -190 -745 -358  112  398 -272 -874 -375  793  381 -226  986  645 -889  842 -623 -867  110 -721 -653   464 -447 -860  688 -664 -803 -924 -612 -212  315  900  -58 -704  406  157 -326  -12 -844 -380 -123  969  -20  882   756  587   561  460   64  -26   279  305  710  -71   834   -1 -523  968  305 -882  -74  -316  906 -833   16  974 -907 -257   59 -402 -391 -998   21    5  679 -314 -288  881  722 -401  -179  101
-880  477  758   18 -582 -190  226 -671  382 -699  -378  130 -509  989  723  305 -182  532 -135  537 -373  675  937 -507 -888  633 -347  528 -284 -942 -620 -956 -517 -892  719 -116  248 -636 -134    17 -110  745  632 -653 -989  845 -855 -729    8 -643   61 -216  898 -369 -386  892  750 -277  464  671  317 -565    44  426  -145 -376 -677  611   -72 -559  416  377  -872 -501   38  900 -172    3  561   962  786  310  479  991   92 -443  887 -284 -167   47 -451  635 -316  193 -968  978 -520  325  -466  842
-174 -249  345  994  415 -529 -707 -752 -865 -439  -996 -682  730 -965 -583  984 -178 -652 -313  524  976  977  981 -625  470  601  -40 -234 -227  425  699 -983 -200  672 -599 -279  533  706 -751  -640 -366  -92  345  -89 -220  120 -688  630  663 -828 -325  906   72 -974    1  148  727 -189  129  955  871  630  -552 -522   780  314 -421  553  -598 -452 -127 -507  -135   11  934 -407 -329 -367 -174  -164  -98  496 -317  789  212 -940  183  812 -223  357 -233 -614 -820 -916  -19  267 -874 -764  -844   29
 437   56  862 -252  362  458  854  808 -922  888   599 -731 -394 -556  413  354  446  351  664 -754  830  855 -336  -54  254 -390  150 -610 -853 -728 -387  356 -244  678  922 -272 -133  953   81   680  656  615  477 -722  769 -917 -952   26 -763  493  441 -815  369 -642  249  287  608  329 -827   -1 -118  849   170 -667  -946  133  862  341   719 -305  825  396   174  535 -164  411  294  520 -840  -609  518 -653  884 -856   29  993 -556  -29 -380 -310 -296  700 -635  225  644  284 -262  927   663 -391
 370   53  428 -226 -499  -55   93 -379  353 -560   473 -409  479  988  316 -616    1  176 -322 -404  841  675  141 -107  167   76  615 -906  580  836 -606 -533 -302  133  425 -100 -712 -108  844   488  756  776  163  631 -459 -252  516 -682 -785 -173  491  616 -163 -435  -44  995    5  704  923  650  125 -766   768 -566  -991  950 -440 -383  -201 -689  937 -457   898  640  396   -6 -420 -371 -847   571 -480  344 -315  714 -957 -725 -887 -277   95  837  423  608  121  482  349  -48 -848 -997  -348 -207
-599  548  403 -868 -402 -981 -109 -405  230 -197  -645  854  692 -894  996 -673 -879  557  -83 -231 -152  139 -990  450  123  -86 -129 -285 -188 -232 -892  392  310  677 -907 -702 -134  755  613   759  284 -144 -286  936 -810 -823 -641 -708  343  866 -279 -537 -479  776  801 -991  -10  699 -738  962  606  -86   841 -170  -157 -837  448  455   821 -890  860  105   -25 -331 -279  128  271  313 -848  -700 -678 -572  457 -851 -520  519 -463  887 -860  739  414 -970 -225 -539   27  891 -748 -347   596 -415
 617 -693 -331 -416  887 -762 -913  355    9  147  -755  324 -793  198 -554  976  430 -768 -186  253  321 -604  579  -14 -216 -313 -704 -689 -867 -787 -646  810 -489  335 -161 -246    6  406  718  -810  341 -377 -774  451 -478  652 -525  599 -141 -871   69 -915 -830 -785  352  560  816  925 -795 -265   96  617   -52 -604  -837 -177  766 -538  -501  920  422  729  -242  617  738  229  231 -432 -645    69  396  176 -520  474  900 -656 -663  572 -112 -835  504  941 -278  485  342  130 -719 -661   837  888
 141 -812 -129  290 -553  371  788 -188  818 -961   950 -266 -895  343  575  546   94  216  504  323 -266  416  500 -808 -960  823 -990 -699  383 -205 -531  189  623 -371  675 -915 -188  356  -93   498 -624 -256 -455  -16  257  224 -226 -259  546 -195  285  195  -62  549 -677  658 -560  -40 -702   92 -480  801   695 -509  -717  693 -135 -295  -293  611  290  920   322 -650  -93  982   41 -304  121  -565  772 -871 -164  833  569  423 -255 -910  389  366  -48 -100  623 -523  458   38   86  165   814  128
-533  484 -317  726 -438  959  321 -668  648   35  -908  502 -927  918 -288  721 -577  250 -279  692  724  455  488  624  507  -34 -400 -795 -324  -86  862 -266  414 -828   35 -226  251  104 -233     0 -540  991 -384 -825 -665  539  261 -682 -598 -371 -364  466  591  158 -472 -754 -364 -597 -323   80 -332  392  -489    9  -778  849  907  236   561  659  923 -556   -91  274 -991 -602 -629  571 -907   151 -812  512  561  513 -515  263 -845  698  179 -930 -966  793 -901  299  -51  569 -510  642  -370  728
-432 -544 -716 -990  166  887 -591  665  474 -533   -87  574  710  636  758  360  -62 -484  304  981 -560 -709  577 -273 -224  340  -25  422  834  306   88 -411   67  -49 -412  140  711   13 -987   -81  688 -264 -562  769  193 -795  -97  435  494  675  374 -145 -836 -647 -880 -377 -922  266  566 -482  -99  826  -882  378   965 -668  822  626  -710  560  -12 -184   347   22  472  616  967 -396  -19  -438  334  943  391  808  579  -44  983 -916  835 -782 -561  178  883 -858  729 -728  348  129  -955 -152
-356 -643 -312 -268 -449 -886  569  830  339  948  -646 -113  395  921 -256  -37  562  668  707 -739 -669  321 -703 -667 -364 -207  861  702  985 -695  801  733 -683 -561 -879  590  -55 -986  193   152  -98 -816 -932 -369 -301   -4   35  138  301  995 -970 -354  497  135  666 -554  827  263  628  490  237  242   608 -382   198 -726  804 -628   716  319   53  513   456  366 -405  920 -403 -864 -945    14 -800  517 -751  686 -779 -832 -241  477 -533  947 -644  624  179 -295  598 -947  710 -156  -825  265
 366  984 -150 -947 -395  909 -678  178  333 -386  -145  619  742  822 -469  378 -561  495  270 -981  860 -677 -782 -647  786  -40 -990  841 -595 -152 -134  -47 -211  478 -658  164  407  378  495  -148  375  969  -13  122 -746 -883 -335  -96  267 -210  820   44  237 -848 -789 -819 -691  254  326   63 -638 -388  -864 -128   153  134 -712  579  -325 -194  296  568  -239  183 -676  572   65  971 -453  -738 -551  534 -933  474 -485  292 -368 -216  439  707 -599 -414  868 -336 -572 -532 -616 -287   726 -545
-558   29 -909 -714 -537  670   86   89  611 -152   989 -403  179 -359  414  836  170 -166 -621 -924 -530 -884  449  778  399   74 -150  134 -333  294  521   84   30  314  929 -974 -465 -824  170  -100 -687  303  443 -388 -310 -939   58  945  626 -186  595  811 -309 -896  283 -613  660  470 -762  341 -965 -729   504  497  -639 -125 -203  206  -445  229   48 -122    70 -852  182 -414  228  446 -603   244  492  587  361  666  433 -403  273  898  401 -533  321  310 -701 -430  951 -576  811  656   222  300
-974   64 -154  -80   89 -455 -320 -528  155  301  -185  554  725  381  299  323 -926  -99  283  338  396  -71  380  390   65 -534 -947  988  861  862 -371  -79 -195  930 -908 -438   27  955 -645   782 -189 -482  259 -911 -374 -995  873 -216 -690  105  712  231 -762 -805 -601 -772 -231  191 -360 -302  642  779   570 -380  -101 -839  146 -489  -676 -990  143  216   822 -421 -142  527  645 -843  841   153  186 -566  892  625  -52  858 -984  112   -1  841  155 -894  544 -534 -889 -300  136  147  -447   16
 170  403  125 -111  131  747 -544    6 -264  716   632   84  684 -514  375 -432  809  -69 -159 -527   15  633  117 -876  967  959  338  876 -838 -370  -62  327  892  160  909  884   76  945  859  -884  294  -71 -633  -78  865  101 -329 -526  302  851   72 -890  600  714  941   36  696 -368  244  385   60  441   705  415  -177  727 -737 -868   858 -979  392  174   736 -673 -289  471  703 -594  491   337   -9 -993  -56 -488 -994 -890  504 -721 -952 -632  258  437 -136  -25 -943 -377 -761   54  -892    3
-598  319  493  336  780  252  673 -976  144  962   747  695  883  -91 -623 -768 -934  895  249  364 -656 -999 -751 -919 -714  488  -92  271 -346 -699   55  967  338  -13 -796 -396  397 -274  720  -743  625 -820  143 -826  864  872  639  590  -23 -930 -867  -34 -948 -809 -722 -881  -82  -14 -372 -602  534 -951    31 -833   953 -769  368 -765   827  280 -690  426   629  127  586 -854  663  348 -439 -1000  917 -698  789 -275  520 -926  203  864 -533  478  734  566 -793  946  947   -3  714   -8  -239 -404
 -79 -120  645  802  675 -971  511 -647  941  992   536  707  654  493 -457 -855 -265 -791  176  -82  434 -282  -63  649 -230 -862 -148  117 -860 -319 -467  263  952 -994 -227 -919  882  164 -338   483  821  709 -597  838  125 -305  379 -890 -374 -554  271  756  622  655  724 -619  291   68  444  195  824  318   297 -693   545 -163 -951  765  -342  130 -373  325  -857  139  664  383 -425 -478 -227  -707 -713  118  -36 -188 -320 -125  149 -530 -106  -22   77  115 -788  131  300  198 -935 -160   920  894
 560 -361  222  653  572 -228 -254  968 -830 -118    41  -44 -559  935 -347  545 -808   40  936  647  297  603 -223  325  676 -625  290 -310  -93   10 -408  554 -844  968 -593  604 -193  713 -985   982  931 -180 -127 -350  180  718 -391  137 -625  664 -960  603 -908 -129  849  -54 -146  566  699  518   69  802  -611  168   251  196  927  616   671  155  625  601   181  261 -207  269 -839  799  485    80  739  -31 -140 -127 -807  146 -646  177  -76  596  235  923  192  676 -132 -883 -177  465   174 -704
 355  352  543 -496 -761  426 -744 -646 -872 -958    30 -156 -873 -930  604  198 -520  -96 -544  704  766 -220 -204 -287  643  493  786  691 -425  914  417 -764   -5  549  231  907  326 -230 -735   134 -494  752  727 -843 -184  -90  492 -332 -647 -992 -744  387 -533 -166 -593  511 -702  342 -968 -838  -43  961   650 -296   138  694  244  902 -1000  349  669  959   436 -188 -810  -53 -637  766  426  -823  433 -413 -942 -654 -513  579 -159 -659 -931  735  186 -105 -266  132 -353  822 -708 -342  -981 -940
 224  764 -360 -364 -572  224 -610  909 -663 -831   735 -629 -578 -836  -91  346 -295  947  917  468 -221  650    2 -824  472  -21  718  383 -986  -59  -42  815 -675  654  203 -836 -684  671  995   350  679  465  -62 -728   -9 -808  151 -214 -220   76  181 -582 -677 -236 -563  991 -817  354  789 -818  712 -175  -589  836   950  -11 -584 -411  -940  930  840 -995  -317  888 -718  406 -602  704  586  -408  171 -616  990  736  949   -2  139 -977  749 -523  -66  366  174 -811  733  266 -156 -935  -577 -789
 916 -739  787 -139 -595 -376   17 -129 -486 -669   129 -745  616  501  176 -529 -547 -372 -355  205 -638 -886  246  678  167 -533  784 -947 -387 -372   57  126 -145 -682  977 -255 -540  838  -47   356 -362 -316  765  510 -654  422  809 -344  872 -854  254 -160 -484  608 -209  849 -617  129 -810 -663 -237  798   614 -452   219 -939  546 -184  -852  363  780 -270  -442 -919  -70  232   95   -3 -389  -927  830   77  281 -582   70  590   46  885 -144  917  147  475  983 -461  689 -127 -792  673   -63  566
 238  -48 -631  500 -696  131 -640 -746  155  640  -697 -393 -544 -519 -122 -527 -773  460 -424 -153 -261 -481  508 -409  468 -575 -449  419  642  327  969 -466  802  721 -527  539 -147 -531 -339   269 -119 -816  172 -360  154  382  923   57 -568  809  781  804  -84  -33 -367 -457 -761  -35 -780  816 -416  336   328  261   -80 -829 -318  196  -199  413  197  201  -746 -686  102 -256  231 -889 -777   572   -4  737  206  205 -668 -430  102  205 -311 -937  411  719  211  652  650 -343  779  856  -398  963
-991 -187  823 -471  966  728 -674  771  619   33  -504  495  964 -201 -395 -544  599 -993 -862  715   28 -145 -732 -541  947 -811 -835  -93  -47 -807  -51  540 -226  933 -713 -366 -743  706 -213    -6  -53  534 -668 -355  934   66 -106 -467  141 -123  396  271  231 -986  988 -333 -347  330  134 -499  998  358   484  188  -336  198 -286   32  -293  125  -94 -660   679  969 -516  108 -213 -268  593  -134 -403  779  990 -792 -624 -916  329  107 -192  509 -994  880 -681  367 -490 -640 -460  881  -325  328
-345 -143  304  652  -78  884   35 -456 -361  446   140  622 -332 -437 -231  873 -359 -126  425 -556  310 -642  603 -573 -105  687 -175   46  532 -318  882 -155  419  111 -191 -882  837  434  826  -871  942  937  696  353 -202  -78  965 -682  474 -216  502 -523 -628  264 -278  406 -894 -460 -283 -348 -799  388   359 -400   894  343  -34 -471   -55  659  591 -678   102  907 -109  607  -10 -383 -319  -851 -126  438 -491  170  349  603  582  935 -234 -602  -61 -890   90    7  580 -164 -293  199   391  980
 909 -797 -685 -191  522  654 -184  -83  783  844  -771  570  520 -532  252  782  324 -750  572  372  -90  579 -967 -314  764  395 -502  708 -471   24  831 -134 -121  278  549   74  750  929  316   264  238  105  985  201  169 -563 -977   48  567   13 -364  236  257 -997 -331   94  980  100 -222  963  151  223   -45  370   705 -387  565  -15  -172 -544 -552  507  -765   40 -449   84 -924  567 -678   789 -771 -791  272  328 -673 -723  108 -365  -52  422 -394 -958  414  209  939  351 -914 -782   473 -406
-323 -556  637 -544  205 -889  657  -76  437  753   357  674  244  837  535 -845 -181  766 -247 -956  488  675 -305  765 -331 -435 -304 -244  680  210  614  820  946 -950  437 -118   26 -796 -241  -242  101 -836 -336  122 -864 -974  469 -125  911  973  270  409 -526 -896  117 -450  267  180  776  261  892 -711  -636  159  -150  652 -818 -857  -740  512 -605 -414   593 -670  902  -13  914  504 -446   528 -808  793 -752  962  -57  -75  533  848  827 -557  941   -5 -793  668  652 -159  557  502   666  915
 235 -945  794  159 -908  719  517  493 -764   31   262 -441 -418 -118  231  569 -876   -2  313 -697  308 -717  -97  773 -352  813  880  999  880 -557  696 -425   34  228  804  982 -409  837  149   214  581  100  110 -617  849  602 -825 -220 -437 -604 -400 -371 -278  836  597  309  668 -200 -722 -567 -599   -6  -322  599  -579 -523   -1  363  -881  213  861 -109   226   14  236  156  796  481 -537  -894  594  -62  137 -667  391 -591 -274  895  833  944  194  287 -640 -811  773 -590  958  -90   110  872
-181  466   27  139  146 -995  229  924 -923 -465   794    2  230 -555 -558 -699 -681 -335 -305  710  225   42  358 -804   26  534  353  820 -159  804   93  -57 -883 -888  498  150  293 -699  728   514  484  -30  819 -773 -118  550 -908 -263  865 -777 -821  582 -894  472  722  419  432  123 -776  257  125 -320  -335 -463  -468   -1 -866  691  -791  620 -552  256   661  258  316 -724  499 -206 -277  -486 -737  642 -335 -640 -780 -531  -95  385 -208  327  193  242  369  275  -31 -248  652 -812   721  280
-413  917 -427  273  196 -946 -912  933 -360  257  -208 -930  393  931 -838  387  760  661 -186  -49  982 -513  -73  542 -161  802  459  938 -999 -154 -109  617 -124  449 -214 -140  462  689  794   334 -119  274 -280  435 -235  335 -951  163 -412 -933  343  436 -291 -938  165  179  575 -269  361  815 -782  900  -263 -875  -193  446  494 -803   490  350  145  449   838 -544 -935  784  591    3 -450  -432 -701 -905 -838  198  783 -146  766 -413 -462   21  598  892 -295 -602 -838 -616  428 -177   995  345
-949 -693  772 -100  379  684 -162 -729  332 -815   661 -906 -754  211  775 -257 -714  900  971  938 -827  290 -703   91  364  883 -597  879 -211 -989  518  -69 -886  191  734  -81  970  947  912  -197 -814 -449 -575 -336  600 -528  713  597  488 -154 -206 -834 -521 -238 -387  531  455 -170  785 -830 -371 -354 -1000 -952   577 -861  153 -643   107 -163 -477  772  -642 -122  903 -516  -85  174 -813  -130 -540  150 -497  670  820 -795  373 -120  152  458 -111  434  591  196  272 -492 -155  382   316  478
 -77 -275  370  286 -547 -813 -858 -369 -782  449   580 -472  349 -116 -866  621 -801  300 -372 -911 -893  431  511  446  687 -620 -645  743 -134 -426 -538 -778  728 -652 -922  718   63 -821 -795   371 -180  -71  770  791  915 -119 -803  764  662  836 -670  969  335  999 -944 -867 -733 -348 -638 -294 -157  387  -519 -238  -918  281 -153 -365  -982 -450 -937  603   622 -995  823 -795 -482 -378  724   898 -108  -77  348 -955  422  974  598 -307 -188  400  890  804  100  693  -62  961 -363  952  -554 -788
-714 -282  561  211  749  702  315   96 -668 -221   162  344 -312    3 -914  421 -315  669  600 -181  625  312  844 -466 -949 -859 -341 -525  -60 -571  438 -338  341 -872  432 -997 -482  767 -974  -518 -900 -338  369  174  750 -430 -377  509  181 -519  364  815 -716  872    0  483 -417  888 -117 -728  463  973  -614  446  -182 -708 -113  538   794  564  749 -852  -255  446  112  353 -739 -378  348   420 -389 -723   80 -992 -754 -903  925 -428 -120 -224 -611 -430  392  170  -39 -859 -599 -759   518 -139
-410  491  449 -147   73  990  871  494 -650 -297   217 -993  361  310 -145  404  -33 -149 -247  227  355  -13 -768 -689 -834  286 -343   64  881 -885  425 -262  367  180 -836 -882  283 -455  192  -312  888  250  326  212  770 -449 -460  -70 -812 -415 -924 -338  147  254  -76  223  968 -377 -393 -911 -276 -846   554 -317  -184  -51 -437 -511  -399  720 -506  561    59 -602   76  826   52 -394 -348   930 -357 -911 -532 -497  309  451 -575 -156 -475  454  -31  238   29 -907 -124  260 -251 -653   472 -810
-660  257 -285 -358  829 -588  821 -774  448 -822   831  168  633 -232 -886  242  146  -12  -32  930 -375 -636  337 -350 -474 -670  820  382 -822 -226  480 -801 -309 -301  715 -349 -249 -486  278   981 -454 -826  969   76 -496 -737 -517 -509 -489   -7  200 -388   95 -704 -674 -134  767  780 -752  -72 -853 -324   465 -552   286 -677 -739  -89  -117  640 -264 -628  -150  905  592 -196  -54  135  610  -331   66  188  168 -549 -378 -909  891 -713  393  922  777 -929 -417  585  187 -574   60  634  -112 -221
-819  990  141  460  632  327  496 -673  257 -133  -180 -973  867 -299  794  959 -932 -589 -411  777  977 -721  991 -266  447  789  188  878  445   76  200 -509 -337 -437  518 -409  710  504  966   274 -831  -54  699 -972   44  357  581  929  667 -217  209 -605 -957  769 -509  333 -620  863  760  160  397  940  -462   -7    -5  757 -476  -25  -445 -679 -112 -436    10  942  704  152 -353 -532 -373    84 -530  886 -525 -880 -954 -831 -287  210 -642  -69 -154  275  473  861   21 -105 -847 -276  -805  254
 580 -788  681  391 -805 -956 -297  -95 -388 -520   719  687 -409  163 -351  788 -495 -696 -130 -393  -50 -795 -644  903  815  637 -507 -373 -389 -719  829  533  541 -166 -986   31  105 -500 -639  -443 -364 -346  226 -415  526 -989 -967 -814   58  730  751 -523  840  850 -656  236 -728 -234 -340  423 -197  921   396  126  -262  318   77  868   122 -334 -854 -861   344 -125 -621 -513 -856  -93  535  -155  266  284   83  228  240 -676 -310 -529  951  225  659 -684  234  211 -393  409  526 -727  -942 -665
-214 -817  912 -137   26  684 -383  216 -733  749   714 -127 -805 -232 -265 -384 -234  404 -634  376 -450  752 -629    6   56 -576 -393 -268  674 -395   70  615  368  878 -226  616 -893  381  116  -435  735 -201  605  229 -472   91 -136 -119 -374   28 -860 -980 -690  673  370  403  -70  455  918  134  715  -24  -481 -930  -596  190  368 -794  -188  966  391 -843   689  679  169  872  100 -353  288  -866 -456 -572 -840 -836 -570 -643 -984 -133  683  -81  815  641 -825 -827 -541   -6  563  571  -758  932
 866  101  515  768  669 -988  763  -22 -474  664   759  156  471 -960 -119 -293  524  873 -312 -314 -932   -6  205  -86  702 -881  985 -637  515 -248   56  441 -237 -369  -26  504 -293  467  113   205  383 -894   17 -499 -918  803  -38  360  368  348 -976 -691  378 -993   23  131 -803 -339  581  331 -675 -823  -262 -443   535  278 -266  189  -903  906 -316   90   395 -640  614 -138  -98  915  938   127  109  -30 -918  315  541 -168 -910 -429  899  809 -204 -179 -605 -737 -432 -728 -191  468  -741  404
 -37  851  799  -49 -433  498  561   49  547  101   924  321 -644 -980 -899 -581  689 -457 -795  785 -510 -372  983 -141  427  182 -899 -376  430  425 -494 -226 -637 -871  923  -55  550  764 -608   337 -371 -471   64  530   69  117   -6  126 -679 -785 -362   78  -71   39 -746  673  932 -751  391 -803 -342 -426   -92  952  -689  658  273 -542   668 -237  956 -931   550  673  879 -503 -678   33  861  -722 -782 -804 -431   94  836  727 -607   47 -688 -549 -626   33  623  236 -960 -348   64 -694   980   89
  52 -406 -171 -113  -70   55  627  957   78 -528  -527 -422 -199  663 -384  509  132   96  703  770  741 -782  236 -699  783  -84  -99  928 -420  667 -413  733  675 -158 -432 -573  748  217  790   472 -529  186 -314 -314  814 -418  617 -493 -799  272 -691  -98  629  -67  297  502  368 -912  221  261 -273  383  -413 -657   353 -669  932 -584   866 -118 -186 -855   325  201 -361  600  179  363 -778   556  424 -871  200  923   46  -92  477  -93 -557   72  298  302 -290   -7 -855 -328 -802 -420   189  131
  93 -232  108  400  268  513 -578    3  905  192   853  361 -828 -128  -94 -994 -731  917  186  123 -130  117  152  492  664  117  611 -933 -134 -525  800  505   16  181 -471 -791 -463 -489  914   882  434  294 -707 -543  590  426 -377 -950  -31  752 -782 -562  107  937  145  350 -880 -442  329  291   13  891   816  -38 -1000  329  203  461  -112  672 -720 -980   946   89  142  458 -299 -753  630  -372 -407  326   18 -308 -778 -329 -215 -842 -313  489   25  324  836  398  -35  626  611 -451  -350 -850
-582 -795 -130  831 -291  565 -720  411 -998  591   285 -227    2   77  359  670 -934  844  985  422  466  804  -64 -352  384   28 -678  -65 -208 -498  485 -270  639   33 -154  574 -238 -898 -875    89 -376 -461  465 -275 -139 -493 -459 -753 -123  516  702 -429 -434  372 -195 -747 -451  790 -252  884 -487  964   558 -397   705    3 -982   74   734   17 -605  874   892 -998  233  -43  184  548 -711  -691  608  312 -368  516 -444  -31  533  452  630   46 -793  104  235 -955 -822  832 -258 -558  -914  918
-167  235 -296 -660 -492 -580  327 -818 -219  -13   328 -617   60  632  -18 -322 -217 -802  286 -905  695  258  931  941 -255  300  917 -397  656  135  518 -347  -93  595 -867  575    5   58  847   426  960  448 -984 -806  776 -648 -731  553 -293  771 -267  776 -934   47  936  137  932 -955  528 -498 -454  -98    55 -136   371  904 -893 -635   823 -164  -83  908   240 -873 -200  135 -293 -593 -357   255  484  299 -599  -69 -263  551 -526  594  174   39 -241 -297  877  481 -342  685   43 -509  -563 -104
 -23 -825  958 -364  857 -164  547  613  171  397   453 -911   75  508  163  322   24 -787 -168 -782 -199  476 -726  132  338  924 -772  322 -935 -622 -354  966  895  -27 -262 -583  842  570  -27  -458  177 -293 -848 -236 -904  113  401 -971  277  208 -771 -590 -208  702   63 -502 -879  214 -828 -125   46 -609  -508  243   264  186 -768 -788  -733    2  810  720   526 -966  106  455 -720 -801  943  -897 -305  641 -435 -795 -520  326 -182   19  956 -986   96   49 -346   82 -292 -674 -651  134  -386  598
 997  370  601  -37  796  260 -867 -171 -191  417   161  796 -761 -767 -499 -735  219  379  276 -963 -160  753  322 -786 -383  843  -65   46   59  350 -472  986  -33  402  -68 -961  580  306  547    91  415  -68 -843  986 -661  -48  234  656 -391  629  144  525  852   22  482 -673  205 -363  125  678  905  366  -377  584    21   34 -946  642    -9 -939 -761  121  -861 -542  165  591 -771  372  657  -120  138  127 -661  637   27  493 -589  890  200 -698  850 -290  643 -858  863   36 -971 -427  -926  248
 865 -773 -621 -421  220  582 -820   25  471  565  -635 -862  499 -787 -921  936 -962 -787 -364  408 -191 -720 -467   30 -424 -341 -485  -34 -911 -237 -770 -696  982 -510  264 -599  304 -983 -820    77 -682  800  245 -708  158 -323  407  689  -21 -817   23 -309 -410 -149  623 -632 -678 -427 -611  990 -100  967   287 -635   735 -807 -737 -177   382  116 -113 -910   -73  730 -273  670  -33 -921   87   155  166  834  179 -509 -839  216  176 -680  113  592  475  275  906   95  287  900  153  268   -92 -649
 529  699  383 -164 -947 -735  850  585  353  235   -36  435  544  839  554 -833 -616   69  320  240 -363 -697 -490 -969 -166 -554  472  259 -837 -175  303  647  400  231  299   38  -24 -410  625   -55  116 -648  137 -839  -67 -970  826  982  -53 -156  824  318  682  -58  556 -340  363  976  -25  682 -807  506  -490 -234  -922 -796 -137 -736   480 -882 -999  235  -763  -86 -528  949  107 -629 -600  -211 -992  418 -112 -979 -731 -457 -403  701  672 -527   37 -842  403 -261  215   14   -7  161   808  217
  51  617  115  211 -992  316 -321    6  231  281  -530  444 -356 -429  750  214 -529 -169 -918 -831  714 -654  379 -879 -465 -302 -386  743  331 -822  996  649 -434 -531  199   92  160  748 -433   891   92 -678 -500 -518 -820 -286 -460    6  888  -36  -59 -568  119  496  657  117 -117  936  891 -332 -139  -98   352 -839   942  411  604  668   998  733 -802 -838   883  462 -249 -587  563  684 -567   231  171  871  322 -180 -296  594 -787  119   78 -821 -398  -55 -632  -79  421 -210  -92 -614  -876 -484
 669 -187 -903 -684 -276  835 -508  969 -904  994  -532 -299  666 -202  150  520  142  312 -904 -202   49 -714  172   50 -915 -671  616  -62  606 -484  877 -695 -424 -150  283  957 -407 -293  945  -956  658 -400  506 -578 -760  450 -518 -778 -208 -662  980  980   73  900  213 -590  412 -542 -643 -902  263 -345   429  170  -661 -871 -488 -219  -584 -385  410   80    14  973 -421 -790  357 -131 -983   -84  388  -80 -596 -105 -125  704  664   29 -593 -756 -856  548 -474 -785  -36 -280 -770  617  -668  366
-359 -945 -110  669 -340  995 -780  -19    4  488  -181  143 -712  -45  113  225  191 -914  847  464 -447   96 -829 -662 -153  585  -96  756 -723 -142 -458   53  -20 -730 -246  445  131 -786  768   219 -246 -841 -540 -208 -189  942 -967 -557 -977 -860 -248 -644  955 -454  513 -578  234 -742  144 -158 -941  570  -420 -860   347 -956  -20 -426  -187  106  733 -198  -746 -379  358  886  350 -550   96    74  470  131  -91 -344 -286 -403 -961  717 -728  704  520  837  512   52  416  199 -715  385   624  869
-579  876  -96  721 -827 -572  -63   84  -37 -714   700 -163  813  577 -592  649  253 -654 -791 -208 -316  594 -759 -938 -298  874  454  798  -18  344 -563 -708 -773 -929 -276 -381  354 -489  131  -683 -961 -993 -240  -17 -512 -964  131  970  514 -131 -255  861  886 -557 -500  531  134  278 -833 -586 -184 -589   772  128    47  536    0  283    14 -483  830  950  1000  926  117  102 -555  392 -765   -91 -521 -932  448 -725 -399   95  768  952 -411  133  915  991 -880 -571 -775  137  214 -231   431   59
-795  437 -597 -870 -330  426 -211 -726 -922  589  -514 -701  859  888  -30 -368  577  696 -885  685 -728 -991  -56 -320  412 -143  397  780  839  696 -557 -554   66  970 -556  923  153  632  690  -368 -686  176 -244  471  684 -603  -90  165 -536  630  904  794 -882    5  660 -449  636 -314 -967  578  249    7  -176 -707   765  186  664 -997  -151 -823 -558  681  -365 -963  -22 -274  658 -319 -365    16 -951 -209  918 -411  112 -107  357 -735  683 -744  369  955 -721  654  562  -49 -460 -258    21  501
-102 -282  188 -545  172   37  172  440 -128  140  -989 -131 -675 -109  -13  910  912 -458 -805 -535 -212 -851 -580  413 -179 -935  285  491  694 -563 -793 -228  546 -127 -459  559  838 -740  350  -829 -227 -330  -78   28 -321  -40  530  -92  184  484 -232  650 -705 -436   32   78 -150  367  986  -89 -284 -777   227  -15   496 -612 -932 -491  -927  997 -118   10   998 -507  381  774  831 -728  289  -576 -906  420 -344 -363 -729   90 -844 -835  -82 -136  391  163  882 -495  393  424  386  803  -508 -747
  72 -910  807   85  914  530  431  670 -110 -651   276  382  541  983 -277  908  710   -7  -89 -458  917  800 -667 -147 -164 -592  991 -165 -436 -295  554 -300  634  401 -317 -724  657  863  -98   597 -581  421  254  200  -56 -242 -758  146 -857 -537  391  826  929  902 -918  -34   86  550  -15  402  757  389   983  641   606  590  185 -121   547  531  895  953  -975  359 -207 -880  339  487  419    66 -894  -62 -341 -241  438  255  826 -900 -994  310  635  770  111 -599 -220  389  698 -488  -693 -644
 433  969  486 -774 -215  991  206  813 -620  520  -178 -650  -67  900  326  799  648  104 -352  857 -937  139 -325  686 -919  455 -746 -395 -769 -367 -158 -122 -183 -112  -39 -475   86  512 -341  -825 -500  592  128  822  321  738 -744  511  879 -889  422 -554  230  872 -697 -801   71 -332  879 -733 -109  589  -755 -387  -525 -821  920 -678   776  329 -475  407   741 -935 -533  521  480  586 -693  -948 -765  368  387 -664 -334 -308 -687  237 -222 -528  466 -796 -345 -774 -677 -672 -191  274   906 -944
  48  734  803  676  -41 -801  493 -643 -841 -654  -817  655 -373  880  -49  835  565  601  848 -421 -421 -133 -743  -26  947 -491 -861  798  286  369  914 -103  521  800  494  -37 -499 -895 -770   926 -851  431  -66 -679 -739 -299  511  -55  242 -400  439 -587 -143  306   35  875  641  843 -841  228 -942  983    10 -572   108 -891 -174 -669   959 -296 -175 -435   502 -292  836  347 -387 -683 -601   982 -528  419 -570  990  157  157 -976  939  925  277 -570 -830  283 -372  514 -990  539  674  -352 -949
-745  529 -450  553  166  638 -840 -991  586 -793   -54  306  216  698 -658 -864 -268  653  230  182  955   -6  799  920  841  -28 -786 -572  468 -627  668 -222 -958  997 -835  202  107 -662  187  -176  409  681  801 -942 -764  399  204 -920 -384 -127 -206 -646 -438 -907  668 -106 -267   34 -852  848  300 -254  -450  672   990  515   99 -618  -745 -280  463 -778  -854  483 -207   82 -159  765  664   103  -89 -491 -555   29  520 -988  654   54  -64  -38 -969  627 -182 -119 -355 -989  277 -271   513  254
-467 -247 -882  168  391  433  885   -8 -278 -921   544 -640 -893   99  694 -249  183  714   82 -173  941 -379 -957 -495 -873  352 -380 -327  289  672 -964 -337 -831 -125  902  617  139  141  659    25 -626  714  210  389  352  901 -597 -607 -928 -287  693 -981 -986 -888 -334  668  708 -834 -753 -987  170  978   336  482  -628 -547  288 -763  -832  492  507   -8  -276  818  795  698 -160 -672 -103   441  793 -863 -121 -526  247  375  217 -429 -689  150 -583 -733 -792 -223 -970 -295 -107  219   850  221
-797  896 -521  869 -749 -470 -588  204 -611 -486   360  347  614  381 -177  133  634  329  298 -513  488 -564  906 -291  206 -748  963 -621   22  442 -602 -459  474 -600  -85 -349  406 -519 -898   431  852  886 -913 -948 -354  932   -7 -827  609  557 -500 -499 -229   59 -742 -508 -343 -260  193  972 -146 -991  -837  397  -512  710  847  804  -747   -6 -280  905   351  108  882  566  834  299 -362  -971 -302  -40 -421 -191 -307 -874 -703 -490  -17  468 -810  -98 -216 -357   71 -909 -260 -376   221 -799
 144  -73  189 -390 -395 -388 -932 -872 -978 -506   620  317 -533  468  807  495 -169 -511 -440 -903  678 -277   -1  880 -796 -389  238  462  626 -606 -911  678  566  411   36 -388    2 -993  448   807  246  135  417  124  -86  -80 -387 -951 -477  890 -118 -766   34 -804 -875   83  315  378 -574  -27 -797 -313  -328   67  -937  875  229 -170  -656  635 -655  492   719  985  634 -441 -181  496 -654   128 -817 -732  413  225 -566  869 -768  584  454 -923  398  867  653 -841   18  651  253 -728   146  394
-374  820  163 -129  557  -85 -959 -683 -813 -203  -298  795  114 -782 -620 -828 -858 -680  109  606  116  835   35 -901  309  199  383 -779  870  355 -346 -362 -146 -936  436 -783 -134 -885 -440  -455   -4 -259  942 -329 -601  -45   34   20  865  971  446  -85  -64 -973 -148 -953  695  999 -964  164 -449  134   150 -889   770 -603  415 -469   289  -75  726 -587   649  975 -900 -695 -120  784 -953  -331  395 -238 -901 -967  404  483 -236 -253  828 -930   34 -311  932 -380  695 -866  840 -932   228 -627
 -32  776  421 -659  252 -389  292 -489  811 -649  -807  554 -289 -889 -920  544 -651    9  779  721  330 -691  610 -366  879   36  545 -310  145  301 -937  370 -669 -502  307   84  122  289  693  -541 -876  900 -262  593 -367  239 -260 -651  604  511  829 -735 -662 -851  -27 -762   80  472 -667 -269  649  933   648  470  -701  285 -264 -741   242  985  333  723  -129 -923  159 -669 -742  787  410  -564 -335 -480  272  781  357  100  -89  681  635  930 -822  360  976 -153  123 -252  829 -180   453  157
 568 -401  545 -789   59  110 -502 -664  270 -352  -369 -474 -379  891  -13  153  645  633  -15  363 -338  398  775  636 -442 -728  413 -185  931 -172 -906  370 -850  874 -299 -534 -720  112 -112  -204 -260 -163  721 -444  801  -25  342    8   43 -920 -885 -919  -73 -358 -982 -182  169  -43  478  770  974 -441   179  300  -263 -844 -951 -503   953 -673  908 -960   -81  945  515 -387 -744  -45 -381   772 -276  262  -28  646  684 -948  159 -348 -910 -373 -990 -947  209  118  347 -640 -978  267  -308 -848
 952  568  671 -834 -343  406 -650  548 -254  364  -136 -973  -84  128 -103   81 -352  144  390 -383  -49 -510  -84  548 -270 -499 -359 -913 -151 -752  595  929  627  283 -707 -206 -442 -822   16    62 -641  629  887  654  266  117  867 -977  878 -906 -140  426  -86 -606 -302  317 -465   31  359 -915 -672 -300  -903  315   146 -224 -381 -210   957  137  980  786   409  653 -231  -77   31   50  770  -153 -261 -332  804   79 -643  725  742 -123  603 -210  511  278   31 -122  617 -982  151  477 -1000  138
 250  696  258  444 -729 -410 -799   90  907  653   679  794  150  327  -67 -138 -216  -99 -506 -135 -759 -168   50 -645  535  363  357  155  393  185 -344  541  995  273 -438  796 -135 -910 -496   833  740  -20 -150  315 -581  902  296  -19 -880  261  -62  481  627 -982  -38  151 -179 -376 -703 -335 -327  850  -870  976  -447  913  755 -599  -577 -560  -81  104  -311  -79  264  644 -176  573  369  -392   42 -572  808  587 -172 -693  814  131    6  -56  761  817  471 -350  277  840  840  134   933 -263
-965  360  876  565  471 -316  445 -154  244 -259  -290  806  350  997  -12  354   97  311  414  165  575 -951  -65 -989  256   73  412 -174 -882 -412  512  977  883  209 -614  693 -622 -826  360  -786  344  -93 -988  330 -235 -777  957  117  305  360  527  498  388  -35  868  862  -43  933 -519  318   75 -451  -959  -21  -424  713 -315 -303  -475  789 -616  976 -1000  -24  455  769  196  -46  715    85 -790  913  376 -970  778 -810  203   97  434  747 -210  243  683 -437  442  149  708  713  -991  752
 109  178 -164  294 -899  487 -678 -274  645  135   764   17   -5  -38 -717 -480 -211  820 -822 -745 -677  -26 -345  -27  191 -820  822  529  869  432  -41 -521  535  826 -321  -55  936 -130  -99  -259 -142 -274  699   84  -54  850  203 -169 -386 -463 -851 -888 -735  913  840  372 -805   88 -611  865 -894  938   130 -120  -271 -961  874  719  -794  617  400 -632  -639 -198 -691  998  930 -544  500  -739  192  666  -12 -237 -595  -58 -323 -384  574 -549  776  866  500  786  446  957   32 -704   671  566
 921  670 -985  177 -336 -502  185  133  210  427   232 -452  737  943 -598  965 -677   34 -261 -149   54 -320  230  340 -565 -236  260  469  438  818 -919   92  625 -987  208  345  141  351  853  -366  594  218 -382 -602 -795 -540 -558 -228  189 -387 -258   47   86 -636  -83  312  443  133  163 -695  448  623   934 -371  -343 -540  292 -852  -300  520  402  567  -488 -283 -466 -372   57 -117 -986   872  -97  606 -131  -41  125 -203 -294  799    2 -115  296  926  660 -948  465 -263 -415  344  -924  426
 929  624  647 -480  504  562 -140  594 -763 -449    97 -885 -630  434 -826  800 -664   15  478 -344  178 -411 -384 -726 -552 -614 -453 -694 -320  112 -753  702  778  524    5  355 -918 -577  178  -563  163   -3 -533   86  701 -653  -86  753  542 -407  921 -747  688 -782 -763  313  908   91 -463 -561 -483  678   655  697   860  653 -958  839  -358  205 -534  622   778  563  721  311  266 -836  152  -293 -398 -138  328  360  509   -7  465 -406  258  665 -342 -134 -183   16 -477  104   74 -672   832  315
 463 -949  919  598 -836  821 -408  737  -86 -387  -830   23 -214  623 -618  498 -955  186 -475 -368 -371  231  709   19  199  661 -924 -217  111 -694 -291 -620  841  606 -814  791 -993  993  692   341  325 -375  510 -140 -580 -710 -818   41  293 -438  291 -759  315  611  255  316  457 -727 -645  158  -31  873  -196  508   322  235  375  936   541  976  559 -929  -335 -147 -951  801 -668 -350  -56   700  154  154 -489 -148  814  866  657  -66  862  899  566  -23  298  605 -529 -990  197  737  -888  -44
 234  139 -811 -319  680  590 -414 -542 -820  121  -335  661 -144  527   76  641 -644  690  515 -224   99 -855  -42 -483  -93  357  977  784  735 -321  301 -426  671    6  158 -769 -718 -174 -399  -268 -671  665  906  506 -254  333 -374  922  356 -117  -61 -675  947  581   -7  811  509  521  843  814 -348 -208   692  247   106  526 -399 -358   262  147 -609  285  -610 -756  252 -663  521  676  338   377 -892  742  -10  635 -335  576  112  838 -991  754 -192  706 -489  650  987 -693  641 -758  -407 -858
 528  708  124 -542 -146 -593  271 -228  960   50  -636  969 -261  626 -456  426 -461  520 -924  876 -735 -418  -71 -682  -31   94   42 -746 -106  911  823 -147  843   76  -36 -619  303  245 -211   788 -406    2  993  502 -472  101  188  958 -347  554 -628  214 -261  -70 -459  704  996  479 -756 -986  905  243  -891  187  -657  577 -825   81   -46  236   45 -923   303  119   32 -744 -959  233  -55  -467  388 -950 -498 -864 -892 -420  546  187  769  907  690   34  327 -569  520 -398 -408   54  -447  375
-407  319  424 -428  167 -143  422  172 -858 -556   391  979 -207  906 -804 -143 -310   71  382 -514  353  232 -568  855  231 -311 -176  654  -75  884  804 -831  706 -847 -996 -128  625  638 -580   987   -7 -330  806  552 -935 -954  -49 -945  538  324 -809  140  230 -679 -470  853  903  155 -254 -244  699  317  -416  254   888  325 -824  716  -389 -541 -979 -752    75  510 -176 -394 -892 -232 -256   756  800  436  697  533   -6 -395 -761  261  584  602 -764 -958 -430 -346 -226  935 -199   12  -494 -941
  66  374 -285 -685 -380 -533  620  125    1 -674  -156  400 -421  118  280 -748    8 -694  726  252  778 -314  336 -884  -69   38  749 -364 -221 -684 -875  514  482  564  848  732  501 -150 -873  -605 -833 -376 -209 -162 -439 -613  689 -671 -216  505  141  838 -994 -335  813 -939 -575  647  388  111  459  288   -96 -604   810  145  852  173  -481   74 -812 -945  -612 -943  359  170 -221  768  -95   543 -342 -965  196  979 -480 -603 -681  359  -61 -627  696 -254  717 -668  841 -580 -859 -449  -852 -481