 100 100
 994  840 -417    8  974 -897  675 -868 -818 -979  550  427  287   64 -935 -810 -408  963  670   53 -223 -928 -970  -81  512 -508 -806 -970  -329  884 -644 -802  -84 -467  714  518 -706 -923   61  707 -612   445  661 -894   425 -757 -425  630  339  797   46  785  -38 -473 -610 -717   50  186 -977 -598 -316  636 -148 -824  520   359  108  200 -269  815 -534  445  342   50  148 -137  737 -110 -905  331   467 -318  465  881 -360  214 -908   82 -172  835  903  176 -689   995 -370   -5 -298 -836 -308 -516
 635  464   99 -167 -243  -58  513  971 -850  753 -177 -731  858 -854  -82 -764 -268  999  334 -604 -779 -226  304  203  -46 -882 -348  874   561  512  982  215   55 -541  590 -324 -914  406 -518  747  570  -237 -683   41  -386 -664 -446 -841   63  815 -838 -910  -91  730 -981  892  522 -751 -715 -241 -684  -40  936  446  335   340    6  -24   68  200  179 -403  242   57 -134  242   -5 -345  -66 -416   188 -586  132  349  358  201   94  347  487 -285 -220 -325 -876   887  221  619 -602 -683  276 -174
-896    5  652  547  740  135  288 -623 -186 -960 -514  540  703  207 -557 -184  147  361  878  313 -885  766   10 -589 -261 -649   97   71   262 -191 -744 -161  859 -839  563 -422  778 -681  347  777 -759   405 -562 -739   854   70  781  961 -285  492 -343  396 -760  316 -898  360 -683  595  718 -713  684  330  -89 -922  831   858 -367 -989 -575 -210 -737   60  867 -904 -201 -679  485  -41  542  491  -104  273 -997 -195 -695  185  151  799   69  369  468  242  -63  -194 -474 -347  497  824  749 -544
-500 -163  698 -465 -983 -142 -896 -742  647  165 -163 -644 -816 -596 -750  249  694 -587 -677 -648  726  649  876  425  757 -670  191  659  -159  727 -445   90  -53  638  573 -271 -998   52  484  606 -367    76 -636   54  -611 -313   67 -617  551  699 -208 -591  815  543  -29  282  751 -896 -673 -615 -775 -932  166  668  334   929  -30 -991  556 -705 -917  775 -468  -55 -189 -608  533  436  861 -412   284  849  113 -727  998 -408  541  805 -782 -921 -774 -434  105  -494  158 -771 -564 -523 -364  260
 859  844 -155  -80 -499 -996  350 -771 -804  248  348    0  278 -534 -851  417 1000 -852  967  532  311  695  650  527 -226 -537 -450  974 -1000 -202 -178 -871 -922 -458  456  167  819   76  303 -444 -380  -235 -704 -536   563 -141 -211 -659  125  977  404 -594  636 -970 -473 -724 -753  839  194  404  999 -157 -384 -859  382  -223  570  587  597 -112  520 -299   81 -255  -28 -938   50  -71  404 -371   662 -549 -873 -291 -101  512 -858 -764 -964   35  980  184 -510   125  -13 -256 -324  912  474 -684
-370 -773  405  -38   69 -679  358 -391 -438  924  938  356 -864  542  -37  -99 -761   62  520 -457 -772  279  635 -649 -613  823  882  435   260 -880 -295  604  465 -908 -397 -199 -500  995 -177   82 -240   552  505  368   316  -43  864  -57 -198 -568  876 -238 -956  526  279 -292  291 -540  285  775  403  312  689  862 -462   126 -514 -681    6  221 -226 -190  429  741  594 -950  144  958 -778 -997  -221   95  358 -582 -201  159 -819 -291  136  719  -58 -369 -115  -444 -247  -85  691  276  937  285
 355 -693 -872  368  807 -343  307 -757 -582  -90  348  313 -540   36  820  535  300  899 -999  577 -954 -502 -686  946 -349 -552 -376 -458   522 -533 -219 -110 -133 -694  329  826 -538  460  100  -70  761   515  165  524   682  797 -501 -849 -474  580  387  455  736  939  194  610  695 -491 -708 -272 -135 -951 -856 -371  828  -167  794 -116 -508  726 -218 -668   38 -191  715 -167  504  607  395 -841   317 -296 -232 -195 -625 -539 -651 -197  966  702  591  733 -929  -567  649 -689 -422  903  739 -165
-111  230 -778  415  864 -566 -967  354 -297 -848   68  791  124  770  365  498  986  987  881   66  910  509 -497 -904 -317  141  751  492    93 -511  931  456  792  -32 -935 -389 -157 -396 -494 -720  663   -36   48  179   -17 -202 -465  826  619 -289 -647 -304 -624  841  151 -410 -170 -205 -238  524 -542  423  420  506  248   749  528 -948  297 -850 -359 -154 -317 -377  686 -629  828 -896 -889  104  -689 -155 -374  442 -804 -562 -154 -582  847  337  118 -889 -740  -760  854 -732 -441  871 -932 -251
-701  527  828 -274 -440 -491 -105  873 -394  474    9 -921 -514 -445  103  477  642  -17   48  395  733  213  556  399 -544  338  532 -846   483  507  259  788 -865 -448  240 -682 -449  850 -427  750  811    32  838  841  -563    5  506 -150 -204 -338 -654   47 -193 -165  613 -118 -434 -644  466  136 -568 -486 -699  138  597   819  306 -681  134 -248  850  120  275  273 -974  306 -189  505  989  802  -258  194  425  255  -97  542  398  451 -637  896 -953  409 -977  -379 -858 -800  633 -554  925  104
 951  210 -620  830 -628  528 -609 -711  327  571 -172 -828 -481  428 -746  314  321  404 -912 -852 -384 -549  300 -615 -547  689  614  124  -711  646 -700  326  330 -322  157   89 -769  697  792 -287 -528  -619  400 -810   565  778 -620  -13  292  583 -929 -240 -103 -488 -506 -746  900 -636  -14 -938  -69 -722  410 -620  234   256  905  -13 -362 -195 -525  917  833  993  723  437  604 -400  386  292   -96 -266  694 -532  538  440 -401 -875 -563  309  693 -750  671   388 -968 -961 -180 -935  -45  -57
 529  950  657 -921 -394  189 -493   41 -592 -583 -528 -295    3  906 -626 -400  841 -136  105  873 -305 -979 -699  872  600  613  662 -317   283  150  178 -957 -328  -88 -509 -439 -625 -794 -797 -774 -662  -595  400 -814    68 -816  347  778  809 -469 -929  219 -450 -319 -325 -785 -787   19 -422  -72 -714 -445  590   89 -515  -644  229  611 -928 -908 -922  974 -438  371  943  549  486  650   82  657  -864 -122  462 -453 -489 -643  212  360 -580 -451 -973  332 -814  -606 -861 -693  256  238 -348 -516
-983 -500 -655  911 -841  544 -816  513  420  996  413 -233 -602  457  -48 -231 -950  148 -342  409 -671 -893 -576   58  217  982  -84 -195  -422 -875 -974  656  676 -668 -735  804 -852  830 -925  371 -887  -612 -579 -534   880  177  644    3 -236 -547 -404   84 -393 -448   10 -295  178 -731  352  128  922  442  926 -256  489  -648  793 -176  319 -457   30  149  553 -278 -854 -700 -304  700 1000  129  -280 -163 -149 -191  589  903 -570  523  118  866  136 -752 -490    77  914  805 -520 -255 -148   83
-361  170  299  590  428  -46 -494  439  635  626 -572 -921  919   90  752  529  531 -415 -378  139 -200  265 -755  855  989 -245  -85 -590   482 -315   53  935  -32  202  241  147 -386 -151  655 -746  368   860  711  992   950  177 -580   95  571 -326  538 -767 -260  509  509  646 -282 -939  441 -731 -104  842 -614 -504 -332   239  946 -391  975  802  249  422  908   95  340 -567  808 -963  517 -201  -521 -454  183  288 -717 -613  484 -584 -212  224  410  532 -262  -941  282 -112  579  812 -363  299
-128  678  -13  326  373  269 -170 -425 -887  698  938  972  127 -637  -67  598  968  593 -286 -813  596 -166  752  889 -480 -506 -377  768   656 -157  -92 -647 -116  954 -853  156  733  -12  406  900 -764   881 -830 -746  -225 -200  447  314 -313 -839  595  169  624  594  650  292  623  337  991 -842  203  699  613  322  243   -31  695  399  635 -924  307  803  293  662  241  533 -407 -808   23 -348   140  -17 -836  360   63 -196 -297  158  760  591  420 -554 -529  -323  507 -865 -159 -129 -132  996
-695   22  884 -112  963  779 -942  859 -920 -687 -119   81  -29  388 -948  803  800 -388  519  -12 -380   60  872  -79 -637 -800 -377  968    79   16  404  743 -913  878 -634 -784  622  710  201 -197 -107   425 -910 -729  -143  137  188  397 -891  644 -383 -701  369  -66  -11   68  943  395  803 -107  442 -701  427 -636  627   262  962 -324  493  182 -195 -485  712 -352 -229  755  214  789 -143  -40  -217  496 -200 -464 -978  720  437 -456 -655  -66 -410  246  -94    92  291  415 -125   51  545 -246
 125 -226 -114 -638  173  848  426 -816 -690  356  281  787 -469 -287 -724 -638 -385  653 -903 -489 -971  122  984 -935 -964 -948 -385  765  -455  374 -715   83 -978  337  969  953 -605 -314  568 -428 -265   151  854 -381  -664 -977 -750 -519 -371  117  882  425  908  463  348 -846 -550 -295 -726  336 -327 -302  830  128  301  -988  883 -163  866 -733 -860 -255  853  452 -862  454  977 -303  149  995  -274 -810  360  347  277 -184  990 -883  256 -265  387  690  621   413 -276  688 -429 -858 -696  888
 523  -65 -459  326 -759 -200  468 -333  277 -431  929 -160  154 -250 -154  153 -340  153  802 -618  657 -893 -770 -205  585  995  569  311   -33  672 -761 -196  250  421  546  -64 -974  962 -629 -695 -710   519 -720  380  -639 -585  259 -771 -153  267 -136  376  769 -248 -287 -773  942  657 -240  814 -735 -382  350 -535  553 -1000 -993  886  452  261  804  786   55  339 -822 -470  538 -635 -396  467   485  461  137  631  -23   98 -109 -865  930 -691 -976  868 -757  -209 -596 -461 -660 -529  124  645
-960  844 -106  -11  647  543 -303  748 -475 -691  920  651 -540 -391 -866 -273  210  171  520 -412 -101  697  644  275  597 -991 -358 -350   653  377  664  -20  796 -683  761 -601  -95  573 -856  438   64  -341   42 -699   974  422  272  462  417 -700  827   -6  832 -469 -319   71 -827  -35    7 -596  833  266  518 -699  556  -141  711 -120  524 -854 -714 -838 -318 -793 -557  725  317 -547  771 -705  -558 -887  122  -66  471   55  888  174  518  570   74  644  -61 -1000 -757 -107  272 -260  491 -898
 940 -197  721  772  819  509 -391   41 -689  787  130  980  129 -699 -855 -508   65  235  789  944 -146  544  929  817 -156 -914 -483  556  -733  813  720  131  618 -756  386  962  933 -294 -482 -105  924  -433 -164 -390   284   -3 -205 -311 -295  251  656 -156 -694 -580  639  448  281 -883 -729  748  485  582  773 -129 -811  -617  175  432  789 -475  768 -315  688 -235 -214 -807 -488  404  942  620  -750  169  707 -973 -136 -198  422  560 -389 -169 -362  467  440  -543  239  -20  744  694 -551 -672
 -30  652 -855  -91 -381  741 -816  351 -643 -912  636 -303  790  808  516 -692  946 -813   12 -643 -605  356  958 -441  -64 -466   82  932  -786 -766  282 -255  971 -419 -622  444   -7  -32  748 -843 -800  -510 -591   10   -89  111 -754  654 -255 -256 -799  477   28  776 -617  480  179  684 -931 -121  512  957 -213  365 -432  -890  139 -737  356  547 -728 -873  154 -968  107 -747 -824   -2 -634 -912   830  939  625 -107  573  966 -980 -973 -310  469 -897 -821  292  -858 -541 -132 -801   44  305 -664
 507 -962 -784  986  766  491   -8 -101 -136 -947 -808  626 -948 -394 -633 -927 -848 -446 -591 -977  294  445 -889  997  792 -730 -834  548   221  548 -953 -304 -864  683 -152 -872  790  723  496  318  -40  -954 -738  353    88 -734 -970  300  761  549 -504 -353 -701  512  240  608 -267  477 -644  140  -48 -538 -634 -671  906   292 -463  927  479  640 -419  150  570 -237  237 -458 -580 -911  737 -893  -778 -596  802  628  775 -215 -324 -203   65  251 -287  426 -866  -464 -210  527 -869 -112 -916 -553
-803 -829 -164  269 -851  710 -372  243  111 -276 -891  533 -113 -236  919 -363  144  250 -295 -563 -396  233 -373  826 -672   34   16 -842   331  585 -468  633 -804 -185  164  122 -331 -402 -412  204   91  -817  284  487   651 -285  237 -808  119  301 -525 -780  630  988   -4 -669  816  257 -656  689 -628 -580  478  325 -182   569  -16 -708  866  274 -975  973 -726   49  682  458 -252 -648 -511 -752  -715  360 -370 -766 -548 -402  843   11  887  806 -854  330  679   -67  431 -750 -298   25  727 -262
-945 -473  359  647   14  701 -878  408 -210 -359  856  155  -66  657  593  626 -405  400  262  221  156  -22 -318 -511  548  -97  340 -770  -192 -283  785 -466 -220  525 -253  352 -490  756 -946 -908   54   -83 -478  278     6 -903  177  779 -551  981  430 -760  755 -997 -235  481  542 -403 -422   -4  917   19 -839 -350 -745   -83 -659 -253  296  515 -566  607  324 -461  931 -238  543  992  631  734  -633  548 -790  395  790 -314  447 -587  694 -550  389   66 -203  -192  794  359  534 -727  194   96
 860 -416 -330 -965 -634 -676 -496  431  443 -110 -636  892 -772  -19  401 -225 -449 -189 -664 -648  168 -337 -520  823  571    0  612 -895  -963  965  809  971  428 -192 -678 -211 -614  500  660  301 -155   357 -841  203 -1000 -474 -500  685 -524 -288 -656  648  962 -765 -922  358 -272 -539  993  485  292 -897  786   28 -445  -846  925  638 -134  357 -193  995    4  719  859 -945 -880  -78  192 -214  -889  776 -731  -30  342 -417  -64  269 -980  470   87  896  902  -181  133  819  732  446  -19 -602
-495 -581  912 -556  724 -627 -726  288  779  992  135  412 -242 -598 -652 -162 -131  532 -301 -649  242 -963 -947  430 -258  418 -219 -344  -742  459 -126  815 -126  809 -379  538 -694   58 -520  613  385  -550  435  331  -353 -540  671 -523 -756  318  355  786 -857 -418  929 -500  618  771  -66 -163  545  733  234  915  -20  -229  110 -558  885  710 -759  537 -180  173 -970  -69  664  517  744  659   -95 -991  574 -848  122  297  -47 -834 -318   90 -818  910  711  -859 -644  992  872 -257 -680 -963
 489 -667  905  942  232 -645  177 -712  464  992 -696 -986 -614 -588  690 -764 -428  823  104 -525  363  321  -38  384 -355  -43 -308 -240   585 -343  874  858 -967  497 -850 -282  -72  -90  615 -739 -599   437  606  985   298 -871  766 -301 -319 -419 -498  319 -693 -482  375  288 -514  201  832  666 -338  512  827 -399  394   -81  256  935 -793 -992  -20 -752 -831  871 -812 -545  685  389  531  773  -301 -207 -373 -120  792 -544  271 -631  501  524  -35 -163   25  -498 -881  879 -964  -55 -840 -278
 700  421  -57 -794 -445  138  374 -812 -700 -902 -668 -327  883 -460   61 -390  182  608  355  698 -140 -915  364  226 -371  519 -603 -456   372  904  718 -660  372 -501  589 -691  476 -220  859  944  443   179  965  -44  -667  -54  950  596 -552 -217  399 -847 -313  649  -51  -93 -714  961 -626  272  819  662 -484 -140 -520   473  841 -627 -124  293  293  517 -925 -208  767 -842  -79 -346  481  899   942  522  590 -659  677  730  -38  883 -904 -705 -801 -865  545  -233  243   20 -554  -78 -402 -363
 589 -204  -85 -873  991 -507 -735 -348 -858 -894  200 -749  812  864 -784 -334 -535 -192  891 -489  601 -402  310  803 -733 -677 -827 -511   182  948  698 -729  679  463 -248   19 -245  581  -80 -618  976  -287 -805 -479  -488 -603  584 -709  835  434 -835  777 -694  154 -823 -637  -36 -206  218 -598 -950  604  526 -940  550   941  221 -922  368  105  389    2  820 -382 -704  456 -736 -224 -192 -372  -194  923  338 -296 -103  111  286  136  113 -780  775  853 -759   -31  942  370 -973  506 -590  984
-986 -556  -54 -900  -98  837 -328  286  196  846  204  770  781   67  756  692  657  197  975  776   37 -435 -262  144 -585 -289  287 -680   709 -798 -323  417  624 -738   -5 -481  262  262  489  663  699  -589 -725 -877  -838 -842 -986  -33 -997 -743  607 -627  145 -525   29  704  834 -691 -801  102  809   99  -94  932  131   339  502 -659 -154  488  186  190 -660  566  878 -250  524 -773 -581 -836  -785  697  651  344  443  111 -996  617  955 -320  843 -975  -28   309  807 -312   65 -460  527  405
 841  613  363   98 -366  401 -784   57 -932  699 -137 -321 -668  503 -388  297  947  473  872  235  316  358 -653 -229  329   73  385  806  -945  735 -965 -529  808  643 -344 -264  525 -388   73 -631 -627   706  848  267  -645 -600  -33  939 -504 -267  -96 -171 -614  246 -619  385  447 -650  641  286  733  394  -11 -548 -289  -578 -305  821   19 -297  522 -520 -356  832  -31  810  365 -144 -850 -506   765   90   36 -215 -955   90 -133  295 -105 -394  170  108 -483   812  575  110  -80  548  -84 -467
-735 -961   71 -931  833 -666 -812  313 -661 -269  826  473  174 -956  -51  369  151 -881  244 -909  337  359 -434 -199 -936  309  538  250   998  570 -707  463 -460 -886   67 -208  244  906  741 -184 -315   325 -217 -568   553  250   -8 -882 -512  553  294 -936  932  606 -288 -298 -761 -218  245  323   44  -46 -443  498 -452   132 -724 -287 -397  249 -567 -669  975 -548 -930 -192  828  520 -897 -570  -989 -549  393    9 -223  102  330  796 -787  335  518 -495 -251   961  156  304  658  208 -510 -603
-873  675  767  224 -563  431 -598 -432 -335  610 -895 -153  133  957  469 -185 -675 -155  959 -208  888  213  -81 -622 -399  734  224  807   802 -284 -680 -437  689  856 -161  552 -735 -134 -413 -263 -280  -638  115   22    77  585 -315 -775  291   82 -989 -765 -245 -980  322  199  298  682  125  414  -90  975 -909 -540  981   294  194 -545  200  720  994  140  255 -816  512  850 -172 -152 -924 -417  -981 -870  131 -301 -140 -287 -267 -450 -136  590 -317 -219  559  -153 -911  927 -297 -516 -165 -114
-675 -546  858 -755  526  570  396 -407 -801 -276 -101 -913 -904 -498   -7  692  489  712  510  861 -336  401 -438 -345  952 -642   55 -988   855  327  749  279 -311  639  749  231 -304  -25  222  887  531   459  739 -864  -349 -709  243 -132 -472  645  597 -170 -217  433  953  880 -141  207 -969    3  213 -584  264  -37 -957  -650 -908  813 -891 -462 -917  459  295 -909  233 -213 -510 -862  711 -420   654 -796 -601 -968  720 -111  329 -845 -231 -467 -117  179 -261   900 -256 -256 -120  -63  593   -5
 357  678  910 -990 -664 -572  459 -303 -686 -533  923 -647  117 -477  538 -238  765 -936 -230 -251 -576  892 -534  898 -156 -926 -548  -57   133  538   87  209  524 -683   56 -839    4  863 -925  588 -889   -86  250  760  -953  145 -179  -53   94 -519 -511  908 -162  480 -912  297  423 -445  557 -458 -378  747  378   96   59  -350  626  557 -684 -755  892 -681 -775  858 -967  673 -268 -876  174 -642   987 -575 -629 -610 -189  431 -749 -303  752 -443 -141 -309  959  -802  515  853 -181 -637  721  527
 -99  262 -174  778 -508  515  616  119 -816 -130  163  645  797  546  -25  913  276 -395  828  948  268  740  -46  296 -651  992  403  288  -448 -335  103 -330 -803  513 -310  526 -507 -852 -906  312 -790  -985  765 -755   532  588  997  941 -641 -345 -337 -262 -451 -312  546 -831 -592  246   65  966 -335   -5 -866  895  306  -217  509   46 -622  -90  456  449 -388  399 -696  155 -233 -108 -222  913   333 -287  542 -120  813  169  797  823 -255  125 -280  -85  430  -553   78  105 -931 -354 -489 -920
 684   46 -765  413 -322 -165  813 -739 -340 -828 -672 -526  586 -720 -847  789 -636 -153  854 -323 -103 -802  541  920 -294  -41 -283  514   826  498 -757 -388 -315  369 -608 -890 -670  693  452 -292  802  -564  630 -441  -920 -354  468 -936  369 -916  290 -119 -387  436  601  -68 -617  847 -238   41  377 -822  218 -989 -536  -784  194  458  568 -358  -36 -124  857 -811 -558 -870 -902  373  212   58   662 -630  535 -444  344  437   32 -989  758  768  422  682 -805   228   87  721  886  565 -243 -153
 210 -210  640 -268 -254  187   49 -579  401  936 -568  204  145 -965  638 -862  816 -976  728 -870 -135  977 -235  205  -39   43  937 -444   889 -209 -726 -983  571   39 -715  959 -460 -382  279 -858  331  -762 -883  156   965  640 -934 -718 -449  135 -162  605  708  498 -598 -258  914 -104  638  328 -441  607 -614 -333  136  -541  275 -157  993 -368 -790 -707  480  220 -961  423  558  528  -17 -668    85  559   -7  599 -993  928 -667  218 -302   49 -562 -486 -217   173  797  106 -494  -89  987  417
 262 -199  596  209 -624 -202  955  305 -640  558   55  306  525  642 -885  132  679  894  610  677 -358  492  968  370  511  -62  199  167  -888  802  187  922  443  934  -94  363  -87  155 -509 -873  449     9  779 -468   998 -558 -887  884  277 -339 -297  568 -453 -709  -71 -956  617 -695 -752  -10  764  664 -978 -781 -727   556   92   95 -574  701 -197  424 -598   88 -260 -918 -612  715 -529  403   934 -858  526  972 -900 -891  678 -747 -597  450  174  273 -267  -711 -336 -219  899  432  906 -989
-712  213 -416 -892  975 -249 -304 -610 -325  894  234  482  647 -302 -518  998 -182 -433  997  608  146 -330 -504  722   97  308 -429 -276   598 -998  259  310 -230 -706  938  562 -680 -325  191 -779  977    28  193 -695  -137 -435  480  361  305 -992  955  231  990 -167 -188  506 -164    8   45  790 -500 -630  558 -458  351   451 -492 -961  209 -702 -728  745 -420  569 -277 -769 -407  977 -941  271  -593  897 -634  674  232 -315 -329   64  728 -687  248  404  807  -825  -21 -295   69 -436  395 -991
  38 -924 -735  244 -804 -666  623 -936 -723  919 -606  174    4 -914 -791  398  633  827 -308 -382  832 -648  -58  248  769  204 -519  416   248  274 -783 -224  401 -693  589 -938 -687 -988 -169  -48  601   319  -28 -790  -201 -498  -25  208 -106  -71  381   84  -61  789 -320  -65 -281  685  217 -761  188  117  213 -986  -11  -647 -694 -699  634  489  -48 -560 -746  435  311 -718 -432 -550  570 -207   794 -799  594  823 -439  189  797  945 -493  913  581  -14  311  -899 -341  738 -669 -128 -411 -171
 640  447  138  594   74  489 -474   -2  583  897 -672 -467 -811 -339  505   44 -201  425  602  702  705 -451 -469  236  187 -564 -430   15  -974 -745  662  142  490   72 -216  157 -614  721  647 -490  501  -151  594 -374   974 -553  805  887  829  112 -453  956   82 -276  408  363  741  790 -975 -128   76  433 -764  791 -329  -246  993  733  177  247 -174 -565 -413  825 -519  886 -613 -350 -615 -610  -436  -93  -13   75 -129 -995  256 -580 -703  527  -66  859   61  -891  415  570 -312 -778 -310  539
  -2 -271 -958 -645  244 -496 -790 -641 -833  369 -296 -308  802 -363 -554  -65 -872 -965  -22 -508  396  186  -11  349  837  330  257 -522  -375  767 -812  631 -222  590  872 -523 -616 -946 -752  -81 -159   867 -857  185  -649  116  841 -276 -630 -598 -116 -996  -82  447 -247 -189 -150  898 -476 -354 -143  351  937  325 -483  -923 -787 -124  940  198  407  487 -489 -486 -869 -406  126  507 -628 -225  -573  715  416  164  504  740  825  503 -805 -128  519  705 -925   135  526 -997 -645 -518  358  765
 191 -529 -463  457 -583  294 -707  538  934 -478  480  102 -325 -573  805  994 -761  503 -615 -484  683  706  290  610  475  822  624 -885  -676  337 -453  948  -86 -736 -820  626  148  290  521 -174  891   614  153  130   904 -824   91  104  -71  -98 -865  -12 -738 -477  469 -667  166 -275   87  863  987  572  224 -415 -837   836  845 -527 -626  297  600 -392 -274  -31 -217 -174   63 -876  372  333  -717  501  271  124 -942  419  351 -265 -698  249 -120  131  130  -594  576 -830 -119  651 -559 -924
-993 -920  965  207 -675 -784 -493  734 -579  528   29 -870  312 -428 -397  444  889  922 -191 -756  574  630   42  795   39  590 -686 -342   841 -652 -901  -68  869 -466 -223 -921  372  173  358  846 -656   658  612 -300   279 -833 -629 -541  289 -241  388 -685 -328  605  645 -525 -470  720  326 -707 -438 -231  539 -869  222   400 -313 -261  313 -825  185  499 -884 -345  201 -992  884   89 -116 -960   874  896 -805 -134 -925  943  -24  844 -326 -746  885   26  225  -310  366  403  299 -923  356 -695
 865 -655 -148 -362 -716  -73  935  995 -354 -219 -355  982  941 -876  385 -163   51 -527  455  593  -88 -210 -323  819 -514 -416 -783 -774   407 -309  -23   24 -368  335 -309 -678  688  -76  471 -359  -29   -39  -83 -517  -472  -88    6 -483 -622  843 -610  199  703  206  950  -71  765  -64 -511    7  668  396  834 -339 -168   712  236  758  420 -299  -63  773 -879  925  961 -322 -483 -557 -658  176  -141 -874  678  291  -42 -226 -635 -860  953  726 -247 -600 -655   561  557 -814 -605  364  660  874
-767  699  349 -883 -106 -680 -758  675  558   17  146 -484 -395  893 -649  161  671  275 -391  236  888  814  989  340  830  909  678  808  -121  521 -851 -968 -862  665  703 -394 -574 -557 -825   85 -966    45  656  627  -529 -806  316  997  592 -694  636 -161 -482  807  603 -703  -64 -623 -744 -129  320 -206   53  190   84  -806 -817 -572  492 -756  -69 -269  657  328 -604  456   95  838 -552 -988   683 -494  256   99  905  403  -80 -893  558  393   33 -786  959  -897  238  622 -791  635  -94  -98
 757  735 -899  509 -316  329 -449 -210 -823 -151 -382  155  858 -662 -326  165  564  119  -73  510 -598 -562  372  128  556  791  891  -86  -886 -610 -885 -346  502  498 -544 -553 -370 -593 -588  885 -864   189  633  118   746 -432 -799 -354 -925 -293  -62 -602 -146 -525  107  -28 -818  -44  129  -20  575  990   45 -126 -526   506  926 -566  333 -821  901  523  335 -385 -953  858  942  951 -180   43  -689  871 -281   45 -272 -691  789 -720  519 -493  871 -925  694  -558  177  239 -179 -297  735  402
-549  902  938 -508  342  257 -247  498 -184   59  850 -883  515  730 -675  399  679  187  -36 -328  276 -751 -786 -918 -366 -994 -885 -789   668 -380 -122  712 -501 -671 -463 -888 -196 -450 -347 -113 -111   704  569  680  -863 -625  619 -132 -849  -55  484  739  438 -748  889 -311  205 -666  -50   -1 -476  397  891  529  974   258 -159   54  731 -655  340  506  539 -814  290  735  371  247 -168  760   431  536  511 -995  144  513  723 -868  709 -744   38 -244   29   101 -235  467  625  345 -194 -468
 440 -831  916 -623 -630 -390  657  823 -592 -113  944 -525 -507 -904 -317 -340 -183  547 -501  220 -600  799  210 -523 -989 -468 -366  213   -23  412  983  594 -320  686 -928 -974   85 -510   78  313  875   164 -404 -888   -97  453 -562 -780 -981 -609 -913  287  -53 -185  644 -880  982  145  268 -428  313  817 -925 -558  327  -370  537  -10  290 -187 -779  404  496 -316   99 -333  869  654  786  811   337  -56  -98  724 -109 -814 -641 -595 -851 -175 -392 -413 -470  -939  515  867  772 -777  495 -696
 558  609 -979  417  577  572  -24  835  841  242  102  787 -528  685  869  914 -114  332  401  529  561  886 -455  454  160 -462  537  878  -617  229 -197 -446 -970 -631 -808  263  303  479  158  334  687   226  429 -230  -898  793   17  437  243  236 -934 -129  109  156 -362 -876   54  984  -53  489  -94  408 -236 -816 -768  -754 -949 -734  330  -69  -34  907 -936 -635  626 -880  287  746   26  384   674  722  869 -724 -378  507  374  659 -836 -877  -42  117  640   376 -390 -386  554 -972 -504  945
-943 -272  173  216 -720 -560  572 -407  547  336  936  -38 -142 -374 -541 -822  932  802 -407 -398 -551  819 -203 -272  -18 -571  -33   14   787  -94  890  546  773 -443  -78 -426 -301 -689   45  701 -647   824 -812 -250   463  748  136 -953  131  903  970 -823 -148 -103 -597 -771  166  -83  690  782 -553 -459  267  429 -749   912 -277  626 -649 -816 -709 -175  561 -255 -810  797  465  375  762 -434   889 -816  774 -372   81 -877  186 -151 -140   81 -553 -764 -111  -216  485 -940  492  596  467  -60
-160  619 -763 -163   76 -456 -486  662  206  633  216  762 -572 -653 -447 -920 -675 -297  799 -500   84  888 -804 -419 -541 -357  742 -218   444  350  210  694  594 -294 -585  171  537 -974   46 -301  223   712  384  663   775  577  621  619  572  849  894  223 -367  562 -250 -942 -210  905  -67 -237  161  902 -847 -794 -771   845  306 -425 -596  877 -506  111 -103 -366 -872 -397 -942  670  236 -884   967  914  271  762  365   41 -832 -332  -11 -669 -902 -411 -882   -95  676  157 -798 -362  852  743
-206  139  819    0 -326 -506  142 -897  573 -368 -733 -148  377   17 -415   66 -115  753 -595 -594 -168 -928 -410  103  883  598  178 -162  -925 -458  989  548   25  727  -36  921  297 -180  903  130  -50   733  984 -906  -382 -713  469 -822  475 -595  170  336 -689 -721 -965  824 -624 -733  -81 -755 -107  611 -767 -553 -538   710 -209 -335 -731  -76  134  312 -308 -128  457  100 -253 -872  800 -838   278 -803 -673  971 -212 -193  362 -671  457 -916 -627  745  563  -457 -838  826   96  403  575   -9
-859  846  273  731  161  640 -234  434 -644  924  984  896 -524  295  -96 -161  144 -843 -636  891  600  -76 -787  358 -910 -243  628  771   908  660 -766  810  578  207 -966  916  996 -415  350 -618  -44    64 -512  342  -258  265  550 -502  756 -334 -170 -875 -881   68 -326 -105 -964 -648 -213  656  396  717 -576 -494  982  -778  694 -902 -142 -279 -469 -981 -986 -415 -650  349 -999  682  -60  371  -484 -557  -13 -538 -336 -471 -750   83 -131  639  241  286 -117   743   36 -684 -383 -662  -68  337
  41  532 -259  335  761   21  111 -257 -389  -19  -26 -579  608 -950    3 -927 -938  918  809 -438 -586  671 -802  597   -8  923   95  982  -511 -437 -816 -333  435 -524 -857 -495 -504 -462  138 -264  802   704   65 -875  -692  414 -446  712 -124 -535 -543 -998 -971 -656  172  610  -75 -246 -488  609  226  615 -268  369  562  -188 -506 -925 -915 -863 -410 -561 -440  225 -251  -93 -158  746 -470 -869   481  513  338 -537  795 -997 -499 -337  945  995 -455   74 -313   -22  432  784  357  804  602 -380
 267 -713 -130 -505  735 -820  801 -986 -870 -752  712 -869 -201 -188 -791 -521 -983  215 -359 -451  555  106  769  933  -75 -426  880  180   997 -961 -171 -972  508 -106 -867    4  167  969  198 -353 -124  -246 -400  -16   218   22 -161  558 -725 -739  886 -965  229   82  599  470  336 -379  158   40  954  599 -845 -239  560   408 -255  255  583  715  675  545 -727  362 -125 -821  516  944 -212  740  -721 -924  736  323  514 -409   89  567 -813  195 -827 -447  157  -611 -642  238 -140  271  120  558
-999 -936  353  -24 -426 -239  615  543  552 -888 -855  912   78 -642 -793  101 -666  995 -788 -492  587  777  356  420 -570  814 -676 -413   506 -756 -199 -848 -686   24 -236 -915 -327  689 -722  -55  232   128  157  415   518 -426  140  637  503 -216  830  627 -891 -949   36  569 -685  287 -128 -289 -572 -819 -879 -315 -634   246 -589  402  783 -543   -6 -386 -546 -466 -712  -10 -987  -50 -686 -786   959  -88  367  820 -232 -608 -643 -973 -238  174   -3  426  675   865  750 -931  462  954 -984 -116
-152  -98  314  158 -194  984 -239 -463  795  926 -976  -32  779 -652   15  461  640  792    6  610  550 -408 -238  253 -116 -106 -145 -120   822  840 -274 -914 -287  726  703 -200 -453 -843  907 -656  528  -485 -716  825  -108  104  356  715  425 -288 -102 -396  406  974  980  500 -385 -594 -855  426  561 -199  199 -104  523   726  403 -435  218 -437  665 -981  645 -439 -312 -662  609  561  793 -283  -499  362 -458  938 -531  -40  243  756 -659 -234 -266 -722  195  -790 -642 -643 -606  489  176  493
-426 -783  520  989  337  639  864  609  175 -600 -122 -176 -655 -797  161  389 -742   58 -626 -162 -703  617 -856  372 -553   48  -89  569  -751  753 -971    1 -803 -458 -361 -662  135 -314  -73 -306 -956  -310  637 -757   909  319 -572  560 -498 -238 -872 -816  674   72  164  516 -593  532 -724 -474 -365 -849 -825   99  863  -827 -263  862 -601 -271  568 -134   57  234 -580 -524 -837 -137 -264  725   289 -658 -863 -319   -3  317 -902 -216 -969  113  102  843 -964   599 -619 -996 -703  509  907 -181
-132  873 -881   29 -654 -382  760  383  -80  711  675  887 -431 -275   -6  356  -60  787  714 -316 -417  995 -206 -279  483  568   90 -852   661  857  890 -751 -419  236 -137 -766 -718  108 -709  618 -403   493 -935  487  -542  591 -522 -274   13 -758 -370 -620  777  267  756 -616 -862  628 -817 -107  916  782 -548 -828 -264   716  408  659 -827 -147 -907 -413 -595 -590 -440  118 -818  -77  439  431   592  -98  -27  204 -181   28 -239  406  592 -373  419 -354  256   704  433 -372  927  232  433  301
-826 -427 -897 -900  285 -316   69 -717  566  487  825   30 -403  901 -120  402   14  839 -816 -827  490 -720  535 -830 -704  248   85 -748   -53 -511  745 -445  220  630  990  519  483  761 -402  645 -509   449 -866  460  -149 -606  228  504 -633 -569  155  571  582  861  555 -568 -768 -976 -895  117  619 -737 -838  760  488  -515 -625 -952 -200  208 -797  294  176  662  208  594  882  227 -480 -880  -841  284  464 -649 -570  445 -763 -855  653  226 -213 -168  790  -582  299  238  262   21  527  210
  59 -492 -892 -354   31  271 -436 -938  252  452 -297 -454  124  797 -375 -957 -915 -462  287  305 -832  688  623  838 -818  -74   53  480  -357  579  766 -305 -393  760  501 -234 -891  509  641 -223  707  -980 -445  536   575  271 -951  931  734  336  429  945 -702 -202 -940 -473 -115 -228  291   -3 -993 -599  142 -101  309  -307 -561   68 -794 -575 -200  647  250  145 -750 -656  605   16 -810  953   686  251 -154 -275 -829 -423   69 -328  515 -741 -240 -285  427  -976  510   44 -301 -140  847  677
-432 -267  429 -301 -327   96  522  339  515 -991  -23 -132 -651 -507 -586 -266 -681 -901 -802  588   94  362 -930 -382  855 -824 -772  179  -202 -991  680  285  549 -804 -997 -516   56  761  526  583  681   177 -949   59   441 -727   32  169  515   47 -720   97  862 -295  246  644  115  946  924 -166 -877 -573  196  -59 -715  -323  188 -359   10  458   11  658 -408  162 -306 -128 -477 -283  706   57  -833 -779  283 -211 -755 -449  -32  833  402  747 -959  587  -66   299  563  480 -245  415 -826 -258
 946  370   16  509 -472 -572 -461   28 -854  222 -262  657 -539  707  616 -899 -361 -894  615  715  854 -734  324   26 -676 -261 -202  322   316  627 -153 -487 -222  698 -581  -19  473 -813  740  708 -537   848  760 -901  -521  596 -889  613 -209 -981 -906  912  271 -191  961  765 -203  -19  147  985  221 -923  893 -623 -344   561 -848 -920 -543  685  861 -916 -266  378 -439 -640  332 -330  -18 -466   -52 -506   12  -78 -323  134  -35 -508 -160  980  -89 -308  508  -134 -439   20 -124  787 -640  -28
-370 -786 -806   62  144   57 -309 -959  818  580  580 -933 -981    4  443 -265   21 -146  564 -203  945  -23 -558 -542  166 -950   41  542    75 -613    4 -784  861  263 -213 -989  642 -407  463  987  459   196 -876 -812  -580 -490 -365  278  998  127 -769 -946   61  220  157  755 -587  471   28  980 -280  344 -849   31  422   -77  860 -278  110 -260  159  -33  823 -464   87  699 -689 -456  617  511   872   97  539 -246 -877 -601   10  421  373  287 -668  447 -764  -350  887 -717  -28  833 -744 -112
-433 -941  356  -70 -769 -708 -277 -403 -872 -278  285 -367 -194 -156 -308 -277 -321 -197  108  993  582  773  476  912  898  150 -860  373  -346 -908  145  710  884  451 -322  491 -252  261 -287 -838 -193   823  555  131  -293   85  127  301  910  887  164 -138  444  957 -613  501  355  315  550   19  907  878 -918  255 -810  -419 -781 -980  255  740 -126  246 -563   -3 -782  576  989 -991  665 -385   805  -56 -901  809 -337  276   18 -658  208 -864 -907 -537 -465  -713  297  689  923  642 -737 -790
-316  -39  341  248  459  523  881 -815  899  493 -210  764 -791   43 -297  710  617  664  886  801  601 -214  760 -628  367 -705   20 -653   893 -145 -720  597 -642 -501 -265  405 -452  920 -565  201 -512  -667  405  556  -920  545  284 -901  358  610 -473 -685 -877 -882  -29  836 -973  282  394  882  -34 -999 -901  443  -87  -659 -554  201  714  253 -150  718  772 -201  712  648 -358 -182 -597  455  -634 -680  165  936  965   73 -680  833  820 -754 -273 -558  291   236  682  536 -637  -62 -863  800
-678  366  380  905  781  338  787  545 -953 -774  194  141  915  -78 -788 -379   96  678 -478 -115  761 -129 -235 -396  127 -286  825  673   592  807  -69 -945 -488  -92  376 -794 -671 -240 -399  807 -554  -800  -38  852   811   76   35  618  735  268 -814  251 -564 -711   26  319  662 -937  921 -777  411  245   25    9    7   268 -670 -537 -381   24 -572  158  828  333  706 -806  382  227  -26  675   275 -363  642   60  633  751  -99  523 -226  393  295  369  673  -256  632  542  323  573  -27 -499
-217  285  143  -65  903 -613  619  891  988  846  141 -928  524  113 -241  508 -425  956  267   73 -693  686 -171  726 -527 -333  619  189   829  181  334  884  -30  707 -264 -297 -307   16 -754  599  909  -744 -198  131   727  -60 -374   28 -822 -313  -57  977  798  405  850  329   74  159  873  593 -650 -703  470 -689  131  -442 -795 -907  286  592  888 -487 -989 -284 -490  393  665  334  653   34  -580 -506  588 -904 -828 -259 -361  945  591 -754  496  -25 -285   871  212  587  973 -853 -694   67
-732 -203  254 -471 -911 -823 -368  840 -943  688  755 -905 -563  775  480  432  515  310 -632 -916  630 -255 -606  642  115 -907  -30  201  -799  410  -16 -656 -931   -1 -934  998  439 -768 -472  512  878   390 -259 -144   731  979  710 -240 -850  -96 -997  275  361 -838  572  490  645  720  197  839  173 -424  417  648 -245  -905  585  255 -778 -506  727  881  593  494  -59 -634  987 -880 -339   38   705 -398 -886  846 -491  874  540 -301 -921  522 -777 -685 -128  -450  -41  444 -140 -131 -378  451
-921 -996 -682   -8 -942 -741 -361  112 -534  328 -395  362  171 -883  115  158  908  711  848 -614 -573 -150  439  192  551 -743 -204 -322  -397 -534 -370  334 -605  660  622 -234  957   47   94 -277  900 -1000 -356 -369   169 -144  885  109 -147  -33  -11 -510 -700  599 -412  136 -636  175 -686  420 -311 -956  182   59 -324  -558 -888 -959  139  296  249  507 -764  624  978 -356  608 -659  875  756  -638 -264 -582 -983 -282 -216  950  409 -935 -430  179  528  950  -500 -547  867  883  515  277  -80
-225  426  855 -359  993  599  413 -882  853 -621  881  640 -602 -262 -832 -180  611  129 -536  304 -303 -750 -796  -17 -748 -442  719 -330  -491  146   12  544 -520  628  424 -256  602  606 -842 -491  282   168  314 -776  -615   30 -604 -348  998  461 -624   82 -206  866 -546 -256    3  267  701  578 -843 -634 -616  170  220   756  415  175 -127  120  325 -716 -139 -219 -215  771  945  128  923 -991   306 -377 -656  447 -181  883  823 -686  949  728 -790  773 1000   418 -207  223  563 -365 -906  623
-226  870  434  866 -418  672  825  521 -467 -412   46 -614 -712  271  902  144 -937 -696 -552 -659 -737   59 -881 -629 -278  739  485  150   857  119  638 -848 -327 -890  526   63  698 -412 -630  768 -764   959  -79  639   346  100  533 -833  738 -394  115 -878  310  560 -324  983 -757  -31 -812  504  905 -994 -748  727   22  -107  973  256 -753 -995 -285 -898  223 -209 -127 -242   75 -299 -799 -690   503  678 -591 -601 -582 -164  516 -803 -690 -368  827 -642 -118   812  513   27 -470  796  606  676
-907 -566 -234   25  659  131 -972 -964  210 -196  833 -843 -392 -936  230 -769 -362 -120 -803 -287 -745 -912  153  796  113 -348 -851 -827  -219  -17  882 -866  788  407 -706  992  248 -844 -527 -800  202  -172  127  622   669  952  457  117 -193  520 -345 -887  576  817 -589 -732  -25  494 -449 -256  341  354 -550  831 -293  -653 -456  866  385   -7 -961 -564  -55 -521  409  341 -244 -577  618 -475  -314  585 -894 -842  176  184  859 -157 -635  655 -729 -186   96  -823  288  104  770  439  675  621
 246  348 -993    8  101 -848  -88  696  663  767 -615 -238  -34  774  409  501 -344 -108 -701  467 -840  945 -411  571  491  669 -829 -489  -640 -288 -253  240  571 -570 -802  438  -23 -530  255 -292  562   569 -819 -346  -461 -161 -674  957 -372  207  955  303  364 -758  -25  863 -664  538 -536 -477  605  188  177  698  -57     6 -161  477 -779 -687   99 -215   30   53 -408  998  731  927  323 -897   333  -14 -460  230  -87  278  839  533 -904 -276  -52  384 -842   367  931 -628  537 -910  332 -830
 417 -847 -969  996 -357  -17 -694 -565  584  271  464  240 -396 -280 -724  241  576  257  526  931 -338 -182 -670 -910 -614  263  332  545   577 -904  -10  738 -246 -527 -804 -518  879  407 -390 -637 -557  -505 -423  785  -992  154 -510 -529  376 -355  815  -98 -277  518  782 -875 -118 -504 -373  394   -9  374 -383  490  646  -785  762  612  888  743 -661  877 -393  432 -133  852   81  656  210 -919  -997   44  566  -93 -583  521 -437 -442 -972  949  108  248  161   352  231 -527 -169  276 -441 -950
-589  896  491  962  401  168 -297  948 -511  417  311  394 -876  451 -968   80  786  841  -11  109 -363 -207  356 -410 -762  614 -743 -896   136 -441  894 -137 -250  297 -616 -202 -673  293 -274 -940 -238  -269  550 -576  -230 -769  707 -798  -18  717  875  951  262 -153  271  172   87 -707 -431 -876  384  893 -881 -287  236  -447   59  507 -131 -358   40 -516 -829  660   91  452  435 -190  340 -668   900  412  -58  888 -528  771  667  640  197 -237   75 -300 -635   341  659  256  926 -752 -571  564
 792 -836  -57 -159  989 -510  -97  712 -596 -653 -502  248 -335 -835  478 -698  857 -744 -652 -724  436  152  128  421  679 -632 -219   30   488 -866  474  741  568  172 -571  675  990 -158 -584   92  234   196 -951 -625  -535  954  758  794  802 -297   14 -199  289  691 -260  172  438  434 -383  468 -389  169 -570  358  855   650  763  770  433  -31  777  356 -203  971  589  -60 -297 -114 -699 -707   681 -224 -765 -336  -45 -314 -804 -848 -202 -123  605 -935 -197  -499  566  173  894  502   67 -989
 951  206 -788  557  -34  -45 -613  686  297  420  332 -105 -623  263  381  -86  216 -996  936 -752  826  316 -270 -237 -128 -866   92  543  -344   25  418  695   10  154  809  395  999 -912  491  491  823    84 -717 -811    18  751  440   21 -556 -791  299   27  546 -290  323   76 -402 -792 -182  555 -587 -158 -292  276 -330   388 -338  740 -641  848  714 -157   -5 -484  -62  505 -544 -878  567  973  -272  397  588  713   88 -185  574 -166 -275 -296  300 -293   49   674   36 -791 -778 -892 -890  901
 333 -234 -334  886 -163  660 -521  907 -137 -474  982  606   83  102  284 -532 -271 -997   37 -586  362  383 -763  -25 -141 -264 -675 -634   546 -979 -314  387  191  397 -288  848  472  387  105 -389 -256   212 -250  563   325 -784   10 -879  783  544  996 -466 -780  924  974  237  862 -633 -240  638  554  275  938 -224  257   755   47 -137  371  533  545  393  354 -515  417   86  650  637  522  574  -883  260 -910   92  625 -295  880 -461 -339  -75  556  737  594   443 -167 -806 -467 -862  387  487
-378  956  364  123 -125 -969   -9  662 -740  220 -466 -949  526  115 -254 -656 -568  665 -483 -668  130   51 -772 -642 -180  757  520 -136   349 -966 -775 -812 1000  757  289  207 -263 -494  264  361 -230  -761  238  -14   661 -808  689   -6   48  486  156 -213  911 -274 -329  652  744 -866  132 -462  885 -346  900 -255 -805  -299  286  152 -117 -257  384  821 -175  686 -640 -838   46 -464 -551  679  -896   67 -800  371  451  406 -201 -131  173 -518  792 -750  740  -134  336 -321 -503  905  884 -973
-300 -520   -7  741   80  313  319 -787  412  482  407  650 -206 -815 -682  643  432  542 -962   32  305  -48   69 -479  395   49   67  775   117  203  697 -904 -759 -456 -748  696  999  839  670  813  252  -989 -903   30   189 -580  508  850   11 -978  206 -767   47 -526  898 -236  892  878 -701 -353 -657   33 -248  522  274  -141  109  819 -428 -668  923 -446  499  992  104 -837  659  508 -441  886  -394  251 -789 -669 -566  884 -732  370  878 -104  416  809 -106  -612  133 -325 -255 -205  814  -70
-712 -132  806  872 -685 -371  619 -327  705  556  219 -305  598  -19 -447  326  362  140   60 -950   26  268  219 -795  740  641 -301 -882  -757  -69 -714  882  126  832 -440  575 -542 -604 -160 -819  711  -244   66  127    35  155  -75  382  357 -730  -43 -442  255  755  851 -915 -628 -240  183 -200 -432  637 -438  859 -668    56  477 -322  237 -246  922  933 -392  728  458  162  -19  324 -188 -413  -213 -378  990 -755  878  504 -949 -816  739  334 -254  405  876  -556   55 -549 -201 -315  812  282
-423  366 -912   13  333 -377 -666  -36 -727  500  374   28 -981  907 -595 -453 -867 -650 -550 -730 -991  688 -877   59  137  563  519 -280   583 -402  519  467 -493  769  135 -335  256 -944 -492  214  597   944 -936  847   472 -894  207  256 -214  271 -382   37  134 -184 -548  152 -935 -596  838 -875  565  702  617 -167 -827   -87 -372 -497 -326 -635  456 -789  792 -847  391  424  145  155  336  963  -279 -428 -520 -688  575  171   91  354 -115  346 -747 -542  542  -517  570  829  746 -842 -594  521
-306  377  469  406 -715   91  830  205 -409 -336 -474  -74 -974  882 -535 -868 -584  384  631  464 -375 -974 -606  372 -983  685 -300 -602    72  -92  118  538  572  969 -229 -546 -839  438 -929 -245 -877   257 -490 -479  -657 -894 -778  636 -982 -179 -241  357  248  983  904 -641 -768  148  428  839  487  501  446 -118  554  -971 -521  915  966  221 -685  328  812 -101  541  662  635 -860  555  243  -788  252 -889   56  599  336 -170  -86 -139  973  225  636 -835  -536 -943 -552 -754  632   90 -807
 554 -912  357 -174 -829 -390  958  473 -611 -245 -236 -256 -305  320 -663  844 -961 -550 -889  724  438  257  828  824 -572  663  224 -834   859  -55  525 -616 -768 -324  578 -163 -164  749  772 1000 -111  -237 -385  180   627 -940 -928  808  -12 -367  374  580 -934  461  418 -809 -533   67  301 -292  231  726  824  294 -952   386 -781 -878 -390  372  469  348  744 -262 -445  987  997 -145 -522 -347   939  838  -55  899  937 -738 -838  876 -327  774  -20   -7  585  -131  248 -163  171  721 -679 -626
 152  532  181 -453  907 -574  -53  338  163  458  535  188  198  663 -450 -186  920  425 -500  973 -874  -56 -762  835  -89   82 -332  925   982  863  156  -60  335 -784  101  -17  125 -729 -258 -950  129   149  482 -810    96  601  896 -556  -98 -823 -986 -751 -736 -683 -433  858 -205  145  705 -332  701   62 -904  611  -18   416  649 -533 -350 -619  449   30  385 -132 -147 -468  266  858 -306 -939   545 -875 -664  287 -433  330  619  -92 -714  435 -519 -189 -550  -574 -188  215   74 -948  816  204
 524  657  194 -759  492  306 -577 -391 -747  333  139 -778  392 -102  698  158  492 -973 -699 -534  182 -965  440   46 -496  753 -381 -803   905  898 -307  535 -690  585 -981  640 -679 -249  873 -652  658   958  -22  318  -908 -736  102  456  731 -750 -711  373 -874  745 -648 1000 -318  885 -215  265  840  340  785 -679 -512   765  682  401 -874 -753 -569  629 -640 -942 -809  458 -993  712 -883 -981   285 -609 -899  838   13 -178 -910 -569 -120 -727 -758 -551 -989  -454 -947 -811  128 -658 -520  320
  46  624  715  327  657 -802  256  530 -280  322 -390  259  105 -906 -587 -129 -878  229 -958  151  298   97  366  691  214   34 -212  992  -741 -670  270  579 -713 -847 -541 -926 -710 -687  488 -679  734    55  925 -935  -215 -608  914 -230 -205 -836 -270  661 -100  394  213  154  543  296 -399  761  -38  711 -908  759  979   618 -841 -850  345 -799  -68  385  997  -27  846   -7   -4  182 -640  -41   909  901 -661  -93   82  482  836  872  -60  999  703  736  921  -869 -763  729   82 -131 -949  -29
 706  784 -849 -703  464  583 -863 -751  623 -473   -8 -619 -252  400 -522  255 -836  702 -457 -412   62  676 -701   88  530  349  781  386   902  965  621 -185 -669 -812 -338 -765 -119 -707  -46 -940 -539  -182 -619 -785  -122  164  784 -287   50 -273  557 -237 -874  -27 -918 -585  691 -445 -507   57 -502  196 -182 -640  869  -216  996 -978  781  186  540 -309   82  347  862 -406 -693 -909  550  874  -519 -767  283  895 -368  464  214 -528  677  752 -116 -238 -799     5 -740  953  556  588  159  -84
-936  -92 -880 -218 -944 -960  707 -662 -126 -826 -661  653  353 -650   96 -221   47   84 -213 -951  543 -875 -845  967 -484  262  231 -891   874 -674  680 -201  671 -322 -459 -798  179  424  223 -825  450  -861 -188 -145   455  163 -826   60  655  496  403  329 -698 -416  -33 -460 -749  465  -74  318  216 -597  992  823  602  -773 -200  392 -127  895    9  801 -310   -8  849 -246   77 -274  779 -660   883  809 -153 -448  276  834 -178  997  552  957   30  127  564   462  915 -525  147 -552 -760 -670
-301  656 -186  165 -201   96  747 -511 -874 -468 -158  385  748 -956  -69  607   79 -347   15  929  666  733 -173 -440  798  544  304 -389   762 -946 -254  575  -90  147   45  504 -654 -250 -400  351  874   191 -316 -593   983  670 -554  -98  476  536 -966  147 -517 -105 -955 -422 -926  276  875  176  203  826 -565 -220  927   -55 -609  603  186  160 -606  650  -70  694   97 -721 -161 -846 -418  396  -313   80 -410  241 -437 -963 -687 -267 -362 -269  395  112  752  -126  879  592 -822 -628 -457 -864
-386   94 -438  -74  549  409  154  522 -610 -213  430 -135 -158 -447 -192   34  750  684  205 -208  129  386  395 -178  737 -680  147 -383  -362  175  742  421 -838  -66   63 -125  845 -417  547   26  964   -40 -467  641   571  219 -142  810  993  668   47  968 -875  862  729 -103  132   99 -789 -254 -758  603  564 -383  662  -983  929  849  714  759 -320 -704 -653 -646  184 -413  743  335 -160  967  -259 -648  -53 -460 -730  628 -209  401 -850 -895 -559  550  179   202 -914  314  450 -660  893 -937
-224  787   42 -935   66  405    7 -490   85 -675  628 -407 -538 -440  928 -727   21 -317  972 -925 -669 -589  699 -620  887 -912 -977 -539  -411  242  998 -415  121  969  591 -677  820 -984 -751 -395 -754   760  861  136   620  293  834  295  288 -698  437  554  337  243  159 -598  -32  682 -400 -843 -448 -229 -511 -761  616   194 -867 -606 -386 -595 -354 -759 -648 -514 -402  569 -618  965 -642   94  -777 -415  954  522  954  319  -82 -537 -484  -30   54 -181  929  -361  617  256  218 -985  -47    5
-884 -440 -795 -674  740  932  690 -554  141  791 -507 -913 -730  347  986 -379  371 -546  652  608  424  -41 -704  979  -27  111   -5 -280    46  -68  906  706 -968  939 -513 -590  -10 -654  618 -123  707   385  572  668  -580  853  810 -557  741 -190  530  183 -378  737  247  271 -245 -437 -266   33 -102  873  473  737 -973  -519 -875 -889  696  -48   52 -371  230 -683  620  246   46 -684  336 -500  -794  395 -613 -437 -569 -959 -808   27  645  311   18  656  767  -569  198 -962 -170 -498  495 -573
-232  533 -387 -144  803 -625  794 -622  -63  928 -951 -234  431  542 -606  573 -888 -676  310 -826  679  625  164  683 -895  601 -422  996   689 -484 -477 -171 -658  598 -533  176  811  737  245  700 -104  -567  964  440  -281 -953 -369 -257 -843  384 -766  759 -985  880 -412  499 -998 -631 -706  -12 -106    5  225  -62  -23   318 -327  291  563  278  471  269 -121  280 -457  200   42   78 -150  269  -448  717   66  220 -443  535  502  679 -184  -88 -820  207 -723   326 -506  592 -121  280  771 -678
 788  -62 -618 -884 -794 -156  314   49 -410 -242 -765  115  228  692 -220  -73  267  493  -42 -749 -859  868  707  833  312 -875  624  735  -558 -365  811 -816 -991  399  -95 -676 -431  619  375  778  896   853  -11 -939   545  -48 -508  744  501    1 -673 -134  181  453   10 -744  965 -344  609 -173  622 -407 -220 -760  295   452 -520 -389  225   70 -702  110  195 -869  518   55  611  653  189  300   127 -802  572  805 -709  691  904  -52  857 -914  287 -808 -793  -946 -309  140 -471  608 -187  374
 822  412   62 -374 -322   93  562 -306  869  608 -789 -729 -442  439  442 -517 -372  702 -690  344   21   82 -227 -701  181 -852  802  641   182  519 -417  220 -154 -708  245 -482  124 -682 -115  476 -673   419   94  808   942  312 -428  394 -874 -582  229  581  630  328 -944   57  222   56  461  870  482 -298  872  318   33  -108 -319  552  806 -620 -805  -32  607  441   75 -148  140  186  187 -805   186   50  747  913  311  139 -556 -498  182 -754 -506 -504   65   901 -186  615 -178  198 -124  714
 273 -654   73 -405  511  826  846  878  680  920 -120 -973  717  109   -3  832 -436 -699 -722    0   41  384  332 -267  191 -716  992  729   758  236 -983 -816  881  -95 -856 -900 -293  592  232   20 -547   505  215 -836   950 -834  857  765  989  -38 -426 -683 -710 -658  231 -790 -401 -247 -297  955 -739 -150  243 -865 -576   785  605  823  800  564  -43  303   22 -613 -925  300  372  355  803  672   129 -116 -969   17 -591 -941  730  110  324  389 -415  526 -957   238 -440 -157  241 -800 -730  602
-646 -215  174 -344 -538  539 -426  500 -986  472  502 -224 -964  884 -126  971  469  822 -365 -287 -989  667  283  359  921  426 -583  734  -626  287 -566 -206  612  458  510  530  167   58 -746  956 -632   397 -354 -664   780  309  563 -228 -109 -642 -542  960  175   96 -484  746  988 -383  716  101  -62 -380  981 -856  310   983  169 -362  694  302 -671 -238  780   92  437 -762  998  492  448  503 -1000  340  324 -381  184  101  875 -606  -60   86 -156 -990  555   763  635  898 -842 -982 -149 -690