1000 10
-397 -243 -135   -41  -263  -184 -954 -643   686  -207
-583  205 -769    -4  -768   899 -695  547   978    18
-354 -436  918   653   544   -15  882  516  -426   301
-452 -895 -731   656  -170  -862  627 -286    29  -439
 386  775 -721   435  -324   214   28  207     8  -352
-985  953  441   379   331  -982  769 -330   774   811
-170  400 -165   507   725   762  200  601     9  -940
-826  228  739   287  -174  -996   -7 -554   792   940
-603  633  607  -432  -239   985 -456  550  -856  -890
 352 -462  253   812   289  -244  130  587  -693  -755
 958  -16 -504   886   727  -342 -224  945   432  -374
 505    5  555   516   815  -306  -47  623   678   372
 481 -791  112   525  -962   645  732  522   -78   896
 847  828 -161   479  -868  -751 -627 -266  -596   404
 619  725 -651   168   919  -427   57  990   155  -942
 572  676   61   448  -129   453  791 -118  -823  -150
 110 -291  940   906   182  1000  868 -827   988    71
-784 -431    0  -245  -129  -872  630  165   733  -339
-566  595   87  -587   607   571  332  453  -534   817
-660 -490  629  -599  -368  -616 -169  350   123  -523
-625  411  315   265   778  -201 -750  275   615  -112
 -65 -536 -310  -664   728   233  926  -77   414   463
 431 -291 -121  -776   -92  -696   53  374  -581  -381
-816  563 -331  -750   456   988 -174 -486   583    50
 884 -565  704  -505  -335  -564  871  -85  -386  -218
-306 -456  141  -176   473   860 -686  627  -752  -476
-521  304 -397  -398  -267   836  679  701  -439   845
-345 -119  151   306   168  -985 -383  547   498   535
-816  237 -776   560   347   633  183  886  -812   891
 943 -747  958   556  -930   921  284  -85  -954  -405
-197   85 -376  -737  -972   722 -359 -759  -782   918
-354 -935 -183  -713   854    53  741  758   996  -357
  48 -580   51  -491   102    50  870 -407   188  -655
 361  513 -288  -415   542   -71 -443  115  -930     6
-935  842 -995  -218    29    26  -48 -916   937  -606
-206  717 -707   -81   436   -80  658  835  -428   657
 -33  547   85  -134   238   446 -621  540   742   490
-778  588 -454  -129   -56  -264 -485 -376   542   514
 129   16 -447  -743   272   968  927  419  -429  -565
 411 -994  318   994    -2   784  890 -369  -734  -236
-137  800  528  -542   952   -19  613 -141   959   927
 376 -445  126  -198  -461   341  -30 -309   959  -719
-138 -822  287  -382  -391  -410 -511 -193  -507   -71
 895  303  128  -569  -646   514 -906 -178   594   692
-114 -931  843   485  -245   -69  -22   69  -418   913
 699  548 -798  -816  -285  -479  951   85  -194  -850
-119  510  326   697  -306   608  671  884   378  -806
-624  811 -386   293   307  -453 -176 -611   878   419
 877  344 -703  -703   776   132 -959  338  -581  -619
-870 -200  834  -690  -657  -597  662 -822  -667   386
 470 -114 -297  -238  -501  -182  719  647   617  -237
-609 -105  797  -148  -331  -789 -163  967   982   877
 309  641  861  -156  -360  -973  238   18  -502  -612
-722 -420  395    23   857   771 -730  -23  -168   630
 113 -958 -735  -326   984  -698 -472  344  -766   642
-811  668 -269  -284    34  -509 -113  894  -115    -2
 117  -48  -61    29   998   -99 -873  805  -933  -758
-763 -540 -428  -541   -30  -744 -820   83   987   346
 384  894 -821  -517   662  -394  806 -624    41   558
 797 -772  265  -609  -688   -76   34  552   626   493
-746  115 -459    45  -479    40 -521  614   -25  -780
 -15  727 -497   970  -345  -655 -397 -989  -369   478
-397  189  379   632   -96  -942  104 -664   -46   586
-367 -996 -182  -749    49  -887 -746  442   -62   707
-502 -992 -961  -562   222  -475 -530  500   312    61
  22 -563  -42   717  -514  -747 -435 -235  -224     0
-677  -97 -137  -114   653  -154 -609  434  -146  -809
 520 -640 -649  -319   542   947 -318  -59  -929  -559
 714  -30 -109  -582   433  -950 -830  174   598  -220
-487  617   18  -473   857   175  714 -667  -819   441
-644 -282  285  -142  -927    94  897 -873  -237   697
 -77  604 -450  -354   806  -277  785 -431  -994   693
-534  218  124   324   762  -368 -363  455   143   669
-914  489  570   863   481  -831  365  404  -612   -38
 918 -418 -848  -272  -604   580 -943  774   123  -193
 219 -443  602   927  -330  -919  605 -289   470   200
-760 -318  901   986  -480   934 -938 -271     8  -259
-208  317  623  -139  -430  -859  393 -576   182   612
 484  881  540  -259  -467   429 -550 -465  -117  -890
-265  582 -494  -326   894  -722  756 -339  -220  -314
-495  241  201   457   162   711   22 -594  -552  -269
-659 -299  291  -126  -940  -305 -848  175    75  -516
-958  -22  656  -236  -420   544  779  594  -490   801
-333 -533  773  -851  -256  -546 -857 -245   994   788
 353  104 -291   561   499   130  -31   -7   728   468
-113  583  122   983  -446   766  463 -460   251   953
 549  120   10   -37  -935   -15 -169  852  -286  -409
 -11  768  533  -340  -415   512  387  301  -598  -274
-593  144  724  -502  -106   213  896   28   956  -547
-708  -20 -121  -849   563   923 -637  311  -141   195
-801  -18  344  -922  -853   287 -817  835  -777  -357
-232 -852  920   293   544   333  973 -696  -199  -750
-111  410  420   499   803  -449 -141  453  -198  -984
-598   50 -316   182   900  -894 -401 -956  -851   863
-688  181 -120   311   324   472 -362  733  -597  -886
-868  161 -437    73  -418  -479  785  875  -880   850
-760  664  814  -385   345  -959  -45 -599    39  -104
 928  388 -159   196   612  -801  667  150  -536   742
 392  134  323   -60    38  -289  264 -191   321  -360
 -75  223  779  -293   998   416  729  169   618  -100
-487  608  369   675   730  -288 -156  851   346  -592
-708   31 -715  -855   115   495  446  747  -198   797
 109  570  247  -404  -317   167 -474  973   729  -617
 889   79 -845   507   477   829  169 -218    40   121
  42 -196  509   290  -284   732  913 -967   252   652
 855  596  922   -70  -157   131 -419 -213   847  -745
-627    2  455   831    27  -428  198  183   212   295
 419  672  198   295  -999    40  397  739   923    -7
-252 -604 -717   160  -768   -55 -947 -838   275  -981
 927  461 -980  -851   -90   -14 -582  354   794  -350
 975  467 -480  -946   514   678   97 -134   469   434
-420  985  473  -314    23   860  451  -21   239   959
-949  275   81    -5  -459   537 -695 -580  -719   473
-595  188  926   145  -799  -946 -279  252  -473   979
 600  344 -222  -179   110   860   19 -176   428  -876
  32 -469  403  -735  -714   253   88  914  -889  -123
-308 -758  422   490  -724  -475  201 -950  -276   612
 635 -690 -773  -675   952  -166 -181  907   237  -941
-413  594  998  -768  -668  -722 -440 -303  -199   710
-951  533  733   -62  -785   970  832 -667  -892   764
-275  653  733   951   637  -599 -971  216   333   295
  21  782  423  -335   -89    -8  296 -138  -893  -586
-943  925  190   740  -962  -462  425  357  -416  -460
  56 -205  976   986   561  -936 -611 -530   398   675
-325 -730  346   725   -26  -171 -606  462  -916   949
-722 -403  441   594   101  -575  -78  955  -308   606
-361  823  -44 -1000  -108  -409 -742 -528  -675   197
-371  762  -70  -711   503  -273 -379  -61   181   709
 434 -774 -798    58  1000   300  -60  579  -485   479
 380   61  463   966   290  -375  949  707   779   127
 340  803 -831   147   417  -545 -378 -666  -466  -708
 217 -287  804  -546  -110  -606  458    7  -103  -853
-744  315 -856  -809   727  -415  830 -900   595   250
 959 -910  283   590   589  -156 -631 -337   909  -729
 823  464  516   -25   279    10   27  771   -61  -355
 418 -711 -188   530  -713  -142  -17 -140  -193  -549
-189 -832  765   854   548   431   62  446   636  -198
-173 -487 -536   101  -771  -120  283 -146  -685  -833
-108  407   39  -811   976   264  899  271  -859   369
-779 -609  813  -319   313   343  880 -771   344   747
 571 -445 -647   658   636    68 -186  694  -675  -669
 293  498 -136  -374  -922   874  338  927   742   -40
 480 -177 -671   627  -300  -880 -772 -613   706  -454
-437  475 -191   -12   361   357  118 -263   848   558
-845  382 -509   773  -522  -280   -2 -569   573  -794
-585 -544  551   525   403   331  991 -549   629   411
-226 -626  195  -233  -494  -332 -713  760   487  -894
-414  -11  -33    41  -806  -776 -471 -747  -645  -853
  -9 -998 -578   958   146   838  520  757  -501   268
  37  533 -334  -709    18  -931  345  861   160   994
 862  780 -454   807    81  -655  616  450   704   774
-497  617  342   122   872   101 -280 -396  -597   260
 389 -846  172   420  -399  -870 -474  196  -465  -183
-263  475   10    55   122  -199 -562  -58   404  -554
 441 -451  397    83   232   928 -952 -307   336  -785
-563 -448 -926    80  -259   777 -845  114  -782   773
 959  847 -953   242  -707    48  885 -188  -599    10
-531 -556 -822   734   582  -714  182  246   107  -503
-457   54 -596  -107   624  -401 -902  181  -637  -750
-158 -516  925  -506  -313   923 -214 -397   435   403
-257  919 -193  -288  -505  -129 -974  902   973   671
 562  931  485   435   -10   209  369  386   831   405
 970  226  944  -273   277  -280  -87 -519   608  -416
 426 -669 -180  -353  -689    64  704  173   867   737
 829 -553  173   407   459   905 -799 -604   225   578
 -65 -351 -956   769  -576  -338 -106 -112  -726  -366
-690 -669  523  -515  -696  -393  604  792  -479   863
 317 -594  414  -187   791  -215  904  668   204  -553
-167  561  421  -296   558   769 -260 -252  -128   972
-716 -527  143    68   710   789 -634  105   829  -980
-568 -229  296  -296   -50   -78 -712    2   140   811
-170  688  773  -341   998    88 -407 -853  -774  -970
 793  182  268  -241   447  -331  143 -754   658   534
-859  239 -123  -866  -862  -858  903 -503   530   311
-709  742 -563   305  -547  -656 -250 -206   -83  -849
 617  -25 -463   -80   769   186 -813  195  -846  -693
  81  634  932   598   292   555  811  899   664  -841
 291  405 -972   785  -982  -485 -419  420   718   -34
 925 -363  942  -540  -327  -104  354 -657   184  -133
 638  -51 -433   100  -570   452  249 -649   344   136
-164 -169 -341   622    -2  -692  -17  805   243  -212
-687 -800   47  -411   496   685  441   59  -607  -967
 836 -492 -865   937  -525  -897 -671 -176   432   297
-451  658  261   517  -895  -727  722 -796  -708   603
 546  -21 -583   697   106  -272 -717  489  -458   555
 291   15  368   458  -978   363  597 -727  -206   919
-852  488 -415  -252   502  -973 -753   15   289   -59
 578 -182  833  -355    89  -359 -869  231   438   182
 877  412 -121  -214   262   -44  978 -618   196   136
 608  708 -454  -885   246   377  839 -910   -82  -309
-394 -668 -152  -126   745   -76 -968   69   878   -33
-538  367  158    68   298  -798  328  318  -325   219
 184  372  536  -215   555  -763  391 -633  -723  -359
 158 -305 -881   447  -921  -172   42 -389  -196   860
-980  480  896  -707   652    34 -876  524  -976   -39
 114   20  353   847  -603   170  417 -859  -965  -633
 708 -789 -798   953   682  -752  490  -85   -37  -363
-674  999  858   871   187  -639 -180 -467  -606   319
-661  -60  751   694   288  -191   77  286   745  -406
 -43 -364 -185  -256   984  -344  161  220  -178   742
 748  346 -675   113   193   678  965 -862  -160  -916
 974  382 -834   467   938    13 -317  381  -752    -6
 -71  779  380   883  -968  -802  224  648   736   269
-611 -327  803  -777  -817   -23 -300 -547   622  -607
 153  471  255   419   485   -68 -765  115   661  -283
 -58  466 -145   238   887  -430 -953  889   497  -242
 716  914  385  -742   583   801 -614  757  -389   -45
-529 -182 -917  -727  -185  -661  346  110   883     9
 630   41 -887  -623   237   574  -28 -722   701   517
 670  615 -379   229   154    27  871   39  -865   707
-585  517  766   -16   778   874 -102  526  -429   355
-693  519   41  -279  -262  -892  -84 -962  -417  -355
 940  215  225   550   864  -681  519  -66    12  -438
 999  402 -594  -496  -773   712   89 -477   265   756
-587 -980  228  -179   134   474  695    5   -56  -217
 685  381  664   626   763   454  656  308   910  -532
 967  119  890   213   203   335 -364 -960  -544   588
 325 -444  156  -594   971   313  -45 -366  -594  -887
 531 -435 -386   481  -689   891   50  315    75  -981
-942 -933 -237   851  -712  -151  409  809  -848  -259
 146  304  129    89  -260   970 -421 -430   334  -958
 196   36 -113   722  -566  -221  979  413  -919   903
-280 -884  711   821   567   955    5  875   195   309
-473   37  126   660  -120   792  871  703  -438     0
-301 -379 -396   713   945  -544   87  -95   198  -562
 918 -315  354  -824    48    25  661  460   639    41
 102 -142  560  -881   304   -16 -536  298  -793  -215
 931 -707 -609  -441  -705   577 -994  674   169  -344
 807  103 -540    40  -221  -477 -525 -293  -884  -763
-942 -676  -47  -550   535  -551  947 -492   903   368
 688 -819 -446   920   562   -33 -519  -50   -19  -183
 129  982 -882  -936  -335    37  754 -740  -472   468
 834  -49 -830  -955   110  -499  554  945   505   654
-192 -102  461   898   595   988  266   12  -227  -762
 244 -720 -818   479  -224   959  734 -470   980  -171
-920  626 -152  -191   569   825 -674 -258   134   837
-557  281  -64  -496   927  -472 -518 -159   773  -393
 428  244  874   139   472  -489  554  620  -415   -13
 807 -850  -83   248  -540   349 -312  909   677   208
-890  486 -203   979  -207  -715  316 -433  -276   941
-311  307 -493   385   566  -589   19  220  -753   332
-804  284 -215  -395   539  -546 -994 -292   841   375
 387 -839 -499   169  -723  -111  -26 -883   222   577
-907  852 -611  -986   569  -927 -439 -167    63   -53
-121  186  -11  -846  -112  -462 -477  -25   288   218
-389 -674  779    -8  -974   659  549   23   365  -541
 491 -806  611  -633  -589  -683 -635  -36   129   386
 683  341 -312   864  -489   332  416  774   262    80
 784  492  -37  -794   770  -633  308  112   808    54
 937  901 -445   396  -361   540  243 -703   806  -499
  -8 -397  935  -742  -696  -638  -94  597  -358   426
 408 -480  119  -139  -188  -929 -557  710   -12  -283
 350 -258 -446   100  -102    74  684  -13  -765  -414
-475 -651  230  -882  -208  -580  336  870   774  -352
 103  461  374    66  -438   133  625  267   435   876
 622 -455  776   172   -95  -149 -401 -378   585  -881
-237 -310  978  -852  -577   391 -646  443  -410   748
-369  897 -882   758   817  -419  912 -763  -218   859
 -25 -653   79   360   -22  -491 -529  166  -608   585
-838  648  862   964   497  -341 -355  132  -175  -176
 -63 -220 -576   809  -246   830  573  486   177   202
 888 -962  758   370    39  -459  651 -860  -964  -713
 458 -893 -399   869   482   789  829 -133   913  -563
  98  973 -607  -944  -244   231 -286 -709  -263  -855
 503   10  614  -366  -399   220   -5 -227    90   567
 651  521  732  -483  -335   963  349 -856   796  -359
-719  794 -578   173  -780    15  164  -28  -128  -905
  48 -860  453  -804   101   412  896  187  -717  -336
 -79 -147  588  -743   536  -851  565  923  -881   694
-796 -186  575   555   250  -732  104  157  -310   297
 -38  438  851  -536    34   785 -847  302    93   792
 178  706 -660   643   581   759  261 -924   853   953
 877   46  204   777   527   796  522 -467  -384  -402
 579 -913 -470    93  -597   456  511 -725  -364  -287
-679  107 -954  -104  -595   989 -510  471   533  -371
 168  893  -84   389   891    87  102 -309   636   392
-821 -806  856  -453   765  -188  765 -504  -367  -271
 952 -215  155  -110   623   942  324  349    76  -192
-887  800 -298   392  -481   485 -593  763    99     9
 246 -315 -178  -530  -341   339 -314 -279   765   502
 -61  716  361  -366  -755  -593 -575  246   259    33
 895  827   85  -731  -216   339 -474  459   212  -346
-815  248  828   313  -114  -519 -798 -689   632   -25
  98 -385   52   953  -694    63 -510  869   325   472
-281 -198  640  -498   765  -860  233  977   480  -895
 530 -480 -100   377  -322  -371  931 -894  -230  -268
 -97 -718  751  -939  -196   612  504  -42  -451   321
 917  -55  625  -239   369   908  348  416  -693   131
-887 -139  460  -627   887  -894 -860  558   -48   346
 367 -999  184  -788   -44   590  112 -793   224   194
 881 -609 -407   473  -628  -985  942 -519   239   776
-741  -99  363   896  -747  -168 -158 -310   109  -354
-231  140 -358   913   511   250 -285 -397   -10   835
-739  453  559   -82  -127   218 -110  314   649   836
 489  845   73  -925   914   -57  415 -296   102     9
-832 -746   56  -321    -9  -884  624  694  -216   292
 230 -241 -145   191   242   500  289 -346  -169  -200
 971  292 -139   704   227   329   69  228   158   590
-787  435 -291  -472  -113  -719 -912  559   357  -714
  88 -789 -843  -681   221  -535 -316 -157  -616  -961
-721 -368 -762   694    40  -441 -675  184  -573   -66
-744  362  148   712  -555   130   29  731   957  -776
 871 -993 -392  -143   493   568  391  918  -564  -888
 473 -979  620   104   589  -724  285  866   255  -867
 -73 -944 -988   245   673   387 -359  929  -952  -415
 149 -769  886  -330   951  -583  839  872  -381   834
 788 -264 -644   273  -613   225 -701 -605  -832  -431
-113  349 -328  -394   396  -125  709  714   931   478
 576  946  248   550  -485  -426  301  966  -271  -805
 437  996  648   628   806  -685  985  -89   650   297
 217  447  400  -516   708  -750 -332  265  -111   285
-396 -736  221  -961  -384   -51  445  842   550   540
 900   31 -726   -74   833   772  184 -737  -311   261
 743  869   17  -597  -328    30 -599 -111  -965  -909
 431  -71 -964   518    73  -146  234    0   901  -846
-216  648 -736  -472   408  -978 -231  967     4  -198
 332  -74  585   224    12   532 -859  565  -971  -183
-428  322  691  -890   740  -495 -474   63  -574   631
-268 -547  326   736   552   533  721  688   282    87
 476  191  740   852   121   197 -601 -322  -724  -675
 657  920  729  -273   680   267  574 -901   983   208
 318  759 -524   622  -509   799 -454  167   510   791
 889  162  638   163   668    66 -382 -548  -850   203
  86 -696  847  -900   566   318  975  880  -794  -751
-642  664 -362   202   189  -252  866  529   862   645
 470  328   51   849   716  -822  314  292   800   -89
-566 -122 -707   182   552  -769 -516  736  -984  -866
 409  579  304  -191  -823  -899 -538 -793  -942   910
 173 -166 -774  -462  -311  -296 -214  480   859    56
 332  698  203   296   -16  -695 -102  281   308  -775
 110  960  584   688  -517   264 -886  744   188  -207
 766  -81 -203  -492   581  -745   92 -197   341  -645
 391 -158  450   864   825  -696  402   11  -398   -66
-410   57   96  -761   -29   597   30 -557  -441  -960
-948  -47  170  -746  -423   282   81 -929   355  -214
-163  458  829   350  -828  -677 -811  785   639   234
  87   51 -664    83  -199  -954  508  991   585   -10
-549 -268 -190  -812   807  -452 -764  556  -132  -245
-642  839 -996   252  -564  -599 -456  626   940   625
-520 -797  396   718  -405  -654 -925  673    55  -854
-437  399  198  -454   815   669 -470 -292   348   530
  39 -861   66   318   486  -175 -465 -178  -274   810
-630  -32  339  -662   530  -423 -662  919   654  -704
 142 -897  429  -754    66   797  699 -606     3  -237
 -79 -543 -828   790   140  -852  401 -698   949  -229
-619 -578 -136   169   835   111  752  703  -888   796
 258  562 -623   408   708   901   84  472  -361   505
-209 -704 -428   159   402  -539  774  960   152   482
 981  451 -302  -793   529  -370 -697  367  -594  -795
-276  111  132   -48  -146   437  144 -752   749   178
 757  145 -486  -660   571  -639  857  204  -389  -549
 841  134  630   489  -396  -317  310 -677   765   127
 717  231   29   230  -879   315 -539   40  -251  -681
 457 -235 -439   842   281   948  858  633  -748  -430
 528  490  432  -692   984   260  401 -949   802   937
-174  133 -142    98  -585  -963  776  571   752  -296
-985 -251  541  -194   229   959 -307  843  -335  -616
-813  238   51    80   585  -739 -226  895   811    32
-511 -550 -122   250    22  -652  993 -841   191   278
-877 -427  800   625   112   787  263 -479   -22   239
 628  112  248  -911    73   523 -726 -132   431   107
-871 -638 -625  -111  -100   630   42 -637   588  -421
 878  746 -760   258  -390   -19 -680 -298  -939   286
-822  623  307  -790   -39  -514  464  623   398   166
   5 -745 -249  -813     5   -19 -727  304  -995    21
 990  693 -305   165   760   914  599 -705   997   187
 968 -631  951  -144   162  -648 -712  152   -37   690
-692 -622 -413  -888   958  -984  524  170  -395     2
-782 -204 -397  -493  -215  -395 -613 -693   440    26
-633 -966 -780  -727   865   261 -557 -539  -723   639
 618 -880  961  -789   390   850  759 -928  -175   -28
 424 -375  578  -510   402   373  977  701  -376    36
  43  124  427   283   998   362  860 -526  -523  -434
-896  173   97   981   -62   506 -660  831   544   391
-108  473 -258  -489   429  -931 -690  726   427  -281
 675 -770 -805   496  -496   720 -847  889  -460   566
-335   60  186  -710  -657  -156 -550 -444   628  -796
 581 -825 -152   294  -630  -927 -540 -844  -741   977
-656 -277 -304  -225   332   458  217 -995   856  -643
 950  661 -891  -590  -441  -998  855  856  -674   -61
 -38  628  996  -665   229   779 -459 -556  -967  -721
-513 -702 -328  -202   951   122  423  379  -225  -268
-487  791 -549   998   757  -600 -973 -591   -23   495
-711 -926 -394  -550   206   125  268 -825    24   393
 401  174 -736  -154  -234  -246  939 -558   115   168
 124 -578 -753   672   596  -247 -409  229   762   594
 -94  544 -665   929  -685   876  695  301  -833   531
 645 -433  468   742   281  -262 -714  732   767  -399
 167  988 -709   561   951  -152 -268  307   535   457
 248 -919 -918  -243  -872  -498 -527  261  -313  -646
-314 -226 -477   148  -816   393 -205  994  -498  -977
 511  457  622   342  -661     5  893 -395  -855  -664
-619  -96  930  -209    54   665 -484 -393   104  -275
-260 -925  300  -829  -152  -949  543  396   882   244
-584  170 -825   290     4     1 -360  554  -740  -492
 456   -5  516  -399   -48    32  307  963    59   296
 428  802  488  -165   281   -67   28 -296    90  -967
-565  237  600   865  -786   443  436  810  -602  -867
 934  513 -702  -664  -946   -14  957  306   740  -769
-466  996  215   379  -935   582 -348  128   168   442
-761 -215  592   201  -210  -575  596 -123  -377   833
-919 -183 -868   346  -912   684 -456  636   372  -165
-548  940 -159  -343   992   859  797 -333   -33  -823
  60 -145  684  -793   635   663 -608 -271   614   538
-658 -924 -644  -487  -974  -982 -197 -549  -670   257
 669 -291  471   667  -976   755  378   74   710  -448
 637 -619  302   116    35   591 -252 -344  -778  -494
 250 -187  677   132  -863  -713  208 -857   349   902
 635   14  957   794  -646   270  800   41  -222  -648
 854   21 -141  -859  -298  -268  383 -219   -32   324
  41 -358 -885  -507   470   656  267  487  -443   933
-517   27  696  -303   384   356  100 -998  -537   238
 553   37  776   594  -852  -448 -147 -890   837  -276
-948  538  241  -296  -818    69 -652 -423  -539   311
 329 -771 -802  -361  -758  -216  -31 -833  -649   911
-850 -753 -302   685  -973  -343  786  324   300  -322
-380 -824 -375  -351  -768   318  608 -473   410   517
 420  827  972  -818   330  -509  969  474  -221  -615
-521  689   98  -735  -800  -970  324  112  -276  -775
-638  439  618   940   682   613 -402  420   617   624
-856 -873  -86   142   410  -908  555 -832  -935   751
 881 -873  121  -504   268  -391 -987  872   256  -402
-268  509 -680   485  -520  -517  875  558   646  -510
 381 -548 -732   108   742  -687  -27 -998  -859  -425
-897  977  128  -132   669  -154 -171  689   -84   618
-523 -995 -564  -134  -438  -993 -810   11   543   250
-735 -535 -337   319   728   293  573 -763   897   250
  80 -898 -230   487  -137   957  822 -991   103    47
-252  142  992   599    71   311  546 -872   -43   -58
  49  431 -707   863   195  -825 -123  -70  1000   180
-886  104  569  -790  -563  -499 -959 -627  -787   984
-949 -562  294   -54   502    -1 -665 -707   -66   516
-337  662  780   297   924   418  651  478   -53  -354
 661  -26  576  -432   450  -300  948  -30   -75  -664
 661  999  996   867   363   -43 -541  458   761   -13
-886  780 -591  -286   950   195  216 -506   296  -459
 -98 -439 -940   449   309  -845   94 -229   455   675
-806 -990  723  -748   388  -126  226  634   570   596
 504 -696  370   823   -93   419 -417  587  -479   780
 114 -713  891   145  -194   525  843 -360   990    31
-704  524 -312   140     1   886 -654  252  -575  -835
 578  289  468  -723  -760  -803 -928  822  -302   -81
-106  150 -393   131   -80   381   19 -628  -657  -102
 -31   70 -741   -52   854  -406  443 -614  -259   734
 912  300  515  -334   507  -208 -963  490   904  -555
-247  720   -4  -115   -29  -995 -483 -404  -257    51
 150  588  580  -393   298   296 -859 -964    47  -948
-884 -898 -765  -653   493   820  712 -747    10     8
 263 -844   70   951    65   584  126 -904   492   -40
 293 -897 -881    54   771  -651  411  838    73  -189
 344 -665 -401  -971  -149   937  159 -698  -595   901
-661  569  911  -942  -756  -911 -760 -813  -680  -651
 151 -155  555   588   370  -521 -150 -465   889   892
 696 -289  691  -497  -388  -512   93 -665   381   856
 894  130 -883  -490     2  -919  943  899   -92  -583
 624 -127  -95  -642   479   868  409  359   407   572
-418 -484  930   828  -121   893  666 -428  -771   316
 -48 -956 -270   921  -113  -770 -528  875   126   209
-387  243 -488   -18   388  -180  653  620    57   898
-560  112  899    78  -170   563  813  422  -339   876
-706 -445  263   873  -331  -115 -280 -330  -211  -795
 277 -174  716  -993  -293  -167 -800 -827   -27   676
 748 -275  944   -34   211  -372  795  448   369  -373
-726  656 -689   822  -398  -945 -118 -213    69    -3
-317 -648 -915    32   801   561 -730  586   -56   565
-694  358  420  -517   512   274  945 -982  -429   639
-201   92 -858  -538   542  -995   46   -2  -801   -49
 548  710  -31  -247  -408  -774 -131  213    60  -289
 406  350  236  -950  -780  -852 -684  208  -469  -992
-514  844 -332   -28   116   202  428 -559   599   335
-869  674 -130   810  -898  -775  628  384  -242  -286
 490 -919 -204   216   895  -228 -207 -751  -619   760
-512  291 -746    66   -49  -252 -776   52  -877  -538
-695 -232  483   256  -552  -640  335 -145   957   505
-558  708 -735  -292  -468   713  103 -783   751  -750
 228  203 -377   166   777  -363 -394 -741   469    -3
 510  161   38  -805  -401  -453  651 -393   298   514
 -91 -223 -511  -835   293  -685  617  480  -847    41
 -59  502  189   318  -690  -517  406  126   125   981
-819 -159 -517  -288  -438  -477 -472  137   994   782
 318 -722 -624  -873  -487   781  564  398  -645   922
 633 -642  242  -853  -963  -332  115  344  -641  -643
 759  648  744   268  -105  -889  764 -764  -506   453
 320 -584 -177   384  -240  -110  742 -385  -512   574
 527 -861 -630   124  -652  -555  563  599   761   207
 -72  345 -335  -948   444   217 -322  564  -482  -783
-682 -936  973  -407  -967    16 -313  657    16   511
-538 -860 -867   879  -309   193  776  356   325   991
-978   74 -955   515   945  -689  958   18  -611  -698
 264 -747 -689   456  -572   830   -2  322   985   714
 518 -131  610  -991  -632   159 -308  858   898   391
-995 -996  994  -451   394   129 -562   76  -673   327
  81 -492  123   442  -261  -906  412  118   373   726
 886  215  856  -651  -873   333  150 -758   311  -708
-177    2  151  -380   292   819  726 -242  -605  -193
-455  222  735   405  -136   456 -711  186   -11  -738
-406 -208  912   675  -110  -665 -685  -21   466   604
 -35 -461 -491  -151   -64  -903 -808  632  -341   991
 -92  604 -750   233  -204   149  327  863  -716   681
-716 -502 -370  -903  -140  -181 -384  159  -847   -41
-126  609 -606   150   469   136  608  113   668   441
 572  488  556  -134  -593  -959 -212 -479   918   487
-497  104 -768  -242   760   269  186  718  -384   880
  62 -951  419  -982    42  -835 -744  953   250   994
 563 -689 -487   540   671   269 -345  -24   -22  -732
 783 -162  325   446   498  -504  -52  224  -163   358
-954  175 -680   889   160   985  892  807   850   507
-234  275   -2  -462  -211   -15 -381  303   458  -610
 -90 -330 -769  -535  -435    64 -177  885   262   559
-158 -152 -972  -827   497   820  728   66   640  -550
-604  -72  443    82  -500   165 -227 -859  -762   137
-432 -595 -457   921  -212  -715 -535 -964   297   534
-883 -758  185   -61   423 -1000  597 -120  -654  -400
-163  403 -845  -709   656  -513   29   24   223  -749
-321  850  636  -939   532   196 -623 -541  -915  -661
 -14  318  163  -188   219  -538 -311 -586   445   270
-274 -751  828    -9   572   -32 -806  650   111  -604
 604 -770  849  -875   -44   590  292 -764   202  -706
 728 -375 -311   643   971  -782  858   37   724  -525
-429   52 -806  -999   133  -624  660  971   551   189
 -17  172  348   428   687   580  480 -226   612   689
-476  134  884   358  -135  -177 -769 -895   659  -653
 943 -801  193  -178  -569   222 -889 -577  -161   520
-730 -313  735  -132  -286  -774  -92 -984   -56   355
 642  -25  931   391   146  -842 -264 -605   478  -483
 531 -630  411  -854    52  -752 -252  508   867  -492
-288  761   88   497  -884   227  614  -57   360     1
 193  131 -434  -954  -574  -689 -191  610  -698   657
-924 -226 -167  -490  -252    31  584  200   365   163
 753 -592  762   407   523   917  148  689  -526  -143
 477 -247  702  -953  -422   112 -463 -557   406   993
 418  -61  140   205   433  -983 -338  459   643   364
 -30  192  745   477   733   539  282 -887  -741  -178
 303  926 -264   238  -557   -78  954 -192  -449   702
 508 -129   57   -71   494   898  907  147  -275  -810
  88  -47  331  -837   918  -802  -11  420  -545   638
 617  543 -339   798  -443  -463  258  639   -59   856
 -59 -656  -94  -686  -957   695  132 -194  -563  -520
 138 -385 -518   245  -522   652  143 -632  -735  -442
 315 -711    3  -468   874   401  709  471  -606  -616
 657  973 -677   210   161   670 -417 -390   879  -773
 363 -315  249  -189   761   585 -579  595    76   276
 811 -524 -945   932  -545   997  -44 -216    -5   679
 279  -91 -516  -515   167    81 -539 -587   226  -325
 395 -746  352    -4  -880   940  -35 -173  -705   835
 678 -108  -88  -888   552  -598 -241  159   782  -927
 240 -466  -14   884  -756  -994  768 -966   -46  -726
-803 -890  781   930   786   404  460  695   925   609
  46 -410 -816   935   649   559  808 -875    84  -211
-957 -220 -294  -850  -376   273  238 -794  -121   629
-876 -569 -200  -222  -432   881  355  876   441   835
-762 -495 -941    44  -557   -53  359 -463  -737   157
 742  410 -227   103   615  -657 -386  708   805   259
  58  268  769   596    21    25 -188  420  -510  -590
-964  216  847   285  -506  -198  521  860  -305   698
 826  222 -261  -257   631   946  587  417  -306  -531
-100  114 -419  -572   647  -441 -484 -832  -901   459
-278 -374 -594   985   749  -459 -459 -843  -963    99
 948 -814  666   789  -903  -354  897  -22   912   444
 336 -557 -842   700   552   383  734  314   662   691
 235    6 -882   672  -270  -476  399 -332   307  -386
 554 -772  600  -280   135   -10  497 -225  -205   765
-244 -608 -197   295  -343   444  969 -236   175  -377
-846  918  419   330   156  -734  582  454  -734  -938
-350 -550  517  -864   527  -813 -586  820  -431  -626
 982  969   68  -281  -133   545 -217 -459   892  -983
 687  968 -310  -344   -86  -135 -941   11  -473   995
-126  934  388  -329    78   147  853  790   376  -640
 -56 -639   10  -729    10   606  430  827   798  -671
 214  257 -748   944  -811  -555 -304  509   733   -70
 255 -788  478   365   585   875 -145 -162  -164   252
-814 -811  130    53   794   666 -432 -902   135   119
-639 -851 -734   922  -730   163  117   72   219  -226
 736  724 -443   930  -347   675  232  828   355   475
-501 -296 -693  -292  -370   948 -868 -618   697    32
-226  -71   76  -888  -616  -572  -24 -207   343   131
-647 -817 -584   289  -883   805 -257  651   857  -328
-550  590 -427  -632   859   796   55  498  -251  -897
-572  650  484    45  -795   481 -519 -583  -221  -406
-612  839  102  -667   774   557 -401 -592   -52   554
 153 -824  966  -502  -136  -604 -274 -503   845    44
-275  819  -47   276   276  -152 -197 -399   390   -41
 899  339  955   980  -266  -582  204  679  -485  -513
-686 -977 -933  -620   260  -423 -195  288  -720   832
-773  153 -402  -886    91  -275  671  448  -826   799
-937 -352  -26  -524  -887   635 -693 -405   694  -281
-512  114   95  -812  -257   815 -127   48   241  -703
-363 -509 -127  -132  -722   796   42  131   656  -645
-796 -905  -41   550   546   202  142 -876  -302   681
 176 -761  -60   817   102  -203 -464 -897  -320  -185
 639  303  523   226   342  -391  -37  103  -166  -206
-322  175 -572   -22   598   191  746 -211  -169   561
-828  572  981   104  -763   909 -139 -270   740 -1000
-773 -251 -951  -434    20  -522  466  110   703   216
-100  500  676  -239  -616   763  900 -444   769  -733
-624 -299  751  -232  -175    -6 -342 -268   876  -213
 -21 -748 -323   109   849   420  822 -740   306   178
-541 -965  508  -186   397     9 -953  295   344   169
 419  857 -385  -619   954   950  588  350  -279  -881
 568 -170  173  -968    53   332  -34  645  -129  -118
 -43  594 -756   244   712  -719 -186 -397   527   -51
 772   10  795  -833  -328  -707  589  401   410   740
-998 -220 -882   375  -868  -691 -196 -824   688   114
 963  317  318   887   299  -263  866 -287  -113   460
  29  338  452  -147   648  -306 -714 -950  -630  -607
 868 -336  161  -399  -814  -782  -32 -124   303  -182
-844 -350  857   590   109  -443  769 -729  -309  -469
 997 -858  -90  -434   238    -2  -58  788   426  -850
-186  755 -636   168  -294   527 -445  739   738   336
 -58 -108  772   888   173   202 -103  620  -463  -187
  42  803  -88  -365    31  -877  531  419   502    50
-391  547  -25   544  -428  -229  680 -795   594   552
-732  437  276  -907   437    11  720  174  -785  -250
-506  987 -260   981   664   916 -982  136  -110  -288
-997  -79 -961  -863  -625   590 -765 -113  -649  -434
 568  -29   90  -622   590   -69 -793 -214  -837   818
-512  877 -819    15   155   802   57 -789  -515   674
 -94  676  518   628   701   557 -580 -782     5   931
 950  720  894  -470  -332     3  146  848   265   365
 894  848  399     6  -233    -4 -532 -813  -279   860
-508 -816  256  -516  -731   674  276 -574  -534   587
-306   39 -601   442   -16   928 -818  -14   186  -728
-932  -39 -265   160  -982  -290 -613  186   -91   766
-752  705  524   161   553   232  556 -892  -710  -634
-322 -119 -385   539  -971  -435 -544 -466  -615  -864
-809 -897 -847  -934  -315  -197  884 -567  -446  -483
-576  445 -813   106   -43  -256 -427  903   161  -258
-519 -172  362   -56   766  -574 -851  644   204  -404
 643   84   27   300   230   376 -891  873   603  -858
-860  550 -310   198  -293   773 -412  349  -501   -97
-581  333 -685  -647   363   966  912   18   564  -703
-228 -120  870   844  -905   519 -612  404   407    86
 458  342  706  -402   886  -470  762 -156    14  -476
 -35 -372 -591  -644   100   268  602  425    30  -429
 196 -843 -440   777   108  -611 -326  326  -893   844
-889  943  578   877  -599  -304 -292 -350   -63  -379
 386 -856  643  -371  -252  -884 -154  435   784  -324
-648  647 -469   542   898   260 -720  920   962  -385
 984  920 -523  -711   -87  -583  582  696  -107   436
-845 -919  586  -401   118  -372  -32   19   976   -10
-725  850 -228   673  -605  -658  750 -278   626   143
-249 -390 -551   602   374  -298  623  358   219   472
 160  577  688   639   191   121  707  760  -285   441
 -91 -592  703  -776  -360   -13  -30   46   -81   526
-252 -432 -929  -401  -203  -905  447  755   850  -225
 703 -158 -753   937  -420  -290 -137  148  -643   135
-890  836 -801  -890   609   401 -635  873   430   429
-319  -45 -212   614   821   539  707  176  -477   830
-572 -495 -116  -900   942  -171  490  925  -554   272
-957  966  734  -670   585  -107  753  587  -455   452
-446  679 -161   584    39  -998  345 -984  -576  -806
 939  -91  693   252  -904   361   62  954  -657  -462
  61 -806 -149   821  -431    67 -695   27    -7   236
 409  265  523    54   374    62  920 -949 -1000  -752
-794 -424 -330   515   633  -647 -920  978   -40   998
 -70 -463 -221   939  -309  -173  250  583   649  -536
 998 -745   77  -136  -412   -51 -196 -561   718  -868
-305 -912 -851  -840   578   468 -886  121  -946  -584
-371  431 -332   230  -481  -400  512  628   959   511
 834  442 -436   361  -804  -537 -151  633  -178    23
 462   12  210    72  -692   846  422 -430   709  -251
  21 -872   -1   173   855  -263  260 -660  -284   367
-719 -757 -891   531   741   711 -622 -798  -769  -381
-643  275 -131   972  -306  -362  287  675   976   731
-780  -33 -980  -155   144   529  259   32    26   -33
-773  312 -188  -272  -880  -126  454  488  -765  -202
 910  391 -956  -187   905  -324  928   13    31   811
-385  915 -222   323   756  -115 -729   93  -641   631
-200  444 -346  -194  -648   417  707  115   484   504
-775 -293  726   321   213  -365  171   73   745  -558
 672 -648  922   904   929   -41 -618 -101   431  -808
 323 -256    4  -850   117   -72 -573  279   567   533
-560 -371  895  -238   -26   799  478 -750  -361  -470
-292  751  554   631  -477   238 -147  334   420  -356
 653  377  967  -110   323  -966 -336   28   523   325
 201  612 -604   850  -326   656  548  876   166  -433
 437 -182  398   157  -931   -63  906  -70   116  -761
-980 -888  699  -157  -271  -997  249  -97  -173   -11
-488 -696  937   -61  -304  -516  710 -309  -871   472
-277 -725  158  -336   711   962  334  -82   384     3
-332  156 -254   298  -284  -832  831 -408   433   436
-198 -886 -108  -806   676   520 -686  137   636  -720
-250 -596  306  -476  -930  -795 -955  -81  -202  -242
-408  820 -578   824   610   764 -891  979   280  -990
 867 -893 -340  -101  -177   110 -274   62   972  -930
-267  176   35   228  -333   -18  -55 -647  -236   405
 921 -964 -523  -789  -839  -823  790  160  -303  -870
-798  825  408  -571   449  -762 -180  -16   372  -858
-727 -239 -910   766   460   974  468  862  -347  -542
-117 -229    1  -300  -140   652  347  343   281  -394
 240  260 -481   211  -534   678  807 -354   350     9
-352 -419 -129  -266  -271   600   61 -765  -167  -258
 747  435  578  -960  -444   375  352  609  -966   807
-290  -73  -73   192   100   288  493  659   482  -615
-294 -926 -241  -176   255    98  116   87  -360  -795
-924  253  486   579  -637  -332 -149  205  -663   130
 416 -203   37    62  -872    -6 -461 -344  -381  -749
 915  495  239   655   231   517 -195   90  -168  -842
  76 -344 -886   248    49   879  677  181  -285  -929
 551 -482  869  -888   459  -320 -743   37  -777   755
 944 -682 -770   855  -718  -334  333  962  -488   -23
 193  163  105   286   169  -814 -960 -747  -715  -898
 511  -87  491   347   573   -31  821 -936   860   354
 760  371  277    14  -457   707 -141 -121  -209  -828
 -43 -651 -859  -790   657   126 -436 -154   324  -296
 370 -721 -473  -987    -4   641  852 -453   241   409
 941  207 -142   154   414  -923  743 -993    47  -503
 404 -479 -559   367   503   882  510 -653  -519   526
-301  971  221   504  -134  -233 -619 -725  -662   795
 202  111  -18  -115     4   687 -850  862   220   276
 795 -556 -640  -569   689   686  294  609    24   179
-103 -442  420   786   728   304 -547  862  -112   728
 932 -240  192   802   550   839  941 -658  -742   668
-228  571 -181  -666  -317   860 -890  560   584   983
 778  705 -514   554  -800  -818 -615  676   868  -896
  71  405  -62   442  -817  -792   71 -555  -585  -678
 798 -169 -720   764  -554   237  464 -596   749  -670
-974 -757  425  -552   644  -454  280 -263  -483  -873
 633 -506  400  -126    40   -39 -752 -819    45   621
 658  519  814  -855   213  -883 -835 -885   191  -192
-190  437  -58   582   983  -843 -526  873  -682  -146
-449  105 -552   607   -56  -270  332 -230   951    61
-228 -268  424   109  -731   464  608  165   764  -623
 998 -546 -451  -259  -919   -14 -723  329  -426   644
 974   -9 -828  -911   340  -566  212 -267   548    25
-836 -638   33   631  -169  -708  479  891   893   218
 604 -276   17   -22   408  -135 -633 -481  -297  -331
-448 -391  958  -929   -72  -309  124  303  -548   491
-304  161  604  -604   537  -964  566   93   428  -419
-182 -763  688  -456  -997  -407 -785  450  -154  -900
 201  362 -369   138   478    66 -681  749  -596   902
-460  872  961   805  -732   552  828 -769  -513   331
-747 -659 -597  -454  -994   566 -449  733  -329   788
 707 -563  110  -901  -613  -682  492  224   301   530
 182   96  139   959    -9  -362  263  885   838    35
 139  175 -707  -458   388  -611   41  574  -281  -300
 787  327 -119   983  -605   -20  647  696   -97    -5
-565 -169 -640  -158   615  -424  438 -684   262   148
-991  107 -437   451   812  -210 -572 -838   929   471
-298   52  133  -309  -527   410  598  461  -963   823
 273 -739  -33   673   378   181  264 -378   955  -620
 134  791 -926    19   901  -195  207 -445   792  -109
 541  385 -527   353  -418  -259  282 -980   557   466
 128  230 -229  -951   375  -183 -515  192  -900  -148
 907  824 -723  -594  -287  -172  646  994   365  -357
 228 -573 -638   950  -113   806 -360 -836  -983   268
-706 -603 -809   800  -193  -773 -821  173  -266  -894
-596   63 -269  -646   618  -203 -449  621  -269   289
-241 -644 -189   605  -916  -199  998  995  -840  -554
  15  792  280    91  -103  -738  562  108   421  -714
-625  -71  644   897   601   649  425 -551   922   264
 128   51  655   575  -712   986 -902  952  -869  -241
-602  336 -397  -505  -640  -511 -470 -453   201   447
-901 -662  890   883  -662  -181  379  685  -149  -793
 -82 -342   99   642  -625   855  532 -921   280  -904
-288  944  898  -953   262   908 -725 -522   326   640
-115  507 -898   461    10  -731  140  730  -276   859
 610 -669  761   932  -979   479  982  399  -116  -243
-884  281 -319   181  -776   637 -368  770   465  -414
-495  823 -924   279   178  -623 -891  147   874   719
 622  796 -498    79   182  -750  375 -985   807  -916
 779 -456  927  -461  -511  -117  801  266  -670  -965
-805   -6 -434   513  -466  -363 -549  612  -501   607
 528 -698  700   940  -278   813 -163  972   129   274
-600 -694  455  -927   -87  -258  553  -38  -731  -491
-819 -979  617   577   184   679  -22  514  -951  -469
-757   19  227  -586   953   540 -238 -385  -826   784
 716 -798  674    96  -614   712  484   72   902  -421
 991 -801  151   418 -1000   982  654   42   926  -916
 349  677 -330  -337     4    74 -968  325   190   451
 271 -281  632  -575   159   607 -505  716  -835  -383
-160  931 -120   883   873  -417 -250 -687  -309  -643
 -70 -622  219  -785  -503  -678  365  491  -362   995
 964 -269 -281  -246    69   110  827   39  -793  -917
 528  -95 -959   547  -336   387  646 -320  -191  -829
 422  962 -795   -36   121  -592  444  -76   981  -622
 196 -564 -635  -113  -933   -26  826 -533  -227  -890
 144 -941 -187  -550  -954   173  203  878   406   709
-804 -484  197   985    43   586 -742  171    77  -861
 689  138 -103   532   244   861  363 -561  1000  -611
 425  290 -879  -841  -362   669  101 -654  -573  -889
-647  785  939  -418   601  -105  703  732  -736  -742
 639 -370 -918   -41   -13  -651 -239 -453   935  -724
-355  713   40  -606   656   635 -586 -294   504   966
-799  503  588   480  -396    71 -995  -25   882   426
-744 -218 -283  -400  -414   668  376  902  -860  -384
 652 -200  354  -789  -937  -279   98  920    93  -610
 371 -152 -462  -196  -731  -471  -76 -704   749   693
-383    9 -133  -784    86   945 -178  133  -474  -862
 287 -945 -673   222  -603   836 -268  123   820   128
-680  683 -674   864   483  -312  797  198  -234    35
 224  322  601   844  -269   618  826 -249   246   799
 869  918  358   183  -265   879  318 -545  -136  -753
-925 -937  217  -723   103   247  514 -968   902   819
-811  443  618   215  -261    66 -353  912  -386  -773
-903 -672 -560   994  -766  -923 -862 -627  -261   -71
 940  220 -514   926   501   356  882  448   478   473
 918  110  571  -465   561  -506  833  906  -739   843
 496 -841  843   487   452  -827  153 -396  -933  -715
-558 -765 -987   -70   446   -45 -401 -432   745   804
 255  970   97   -92  -262   482  169 -576   179  -605
-581  495 -578   209  -253  -933  964 -594   756  -537
 809   29  356  -459   126    63 -495  512   141  -318
-829  665  280  -822  -496   889 -818 -767  -881  -941
 294 -212 -938   -84   500   852 -571  867   813  -573
 359   65  528  -291   410  -470 -954 -323  -288  -116
-916  475  542   412   680    -4  485 -605   -91  -269
 179  345  226   234   667  -633  680 -847  -743   998
 641  177  393  -125   793    24  486 -138  -755  -460
-586  273 -850   574   488   -95  159 -140   172  -992
 526  169  702  -182   607   745 -201  770   474  -737
 678  742 -850   328  -618   104 -739 -141   481  -803
  52  730 -770   765  -602   959 -120 -867  -757  -492
-764 -794  729   759  -313   517  909  917  -533  -388
 748 -318  888    29   738  -116  236   -5  -682   222
 150 -398 -712  -475   455   464 -961  332  -198   816
-313  658 -526  -229  -665  -717   -3  262   523  -921
 991 -363  610  -845  -457  -354 -621  149   455  -436
 597  293  913   770   369  -316 -352  368  -931   224
-381  250 -489   -13  -490  -156   -3  291   474   870
 -62 -130 -142  -416  -347   134 -499  770   613   707
-665  875  322   810   322  -211 -410 -368  -564   -72
 352  996  522   661   816   317  -31  123  -348  -807
 714  906 -139    82  -462  -914  539 -836   985   935
 683  761  450   889    27  -567  -71 -690   683  -876
-438  -98  -32  -365  -363   938 -916 -542   742   353
 904 -443 -805   673   208   944  757  694   332  -392
-604 -360 -656  -817   395  -408  958  528   586  -415
-319  -56 -508  -415  -155  -496  787  978  -496  -882
  72  894 -501   949   563   306  470 -994    63  -858
 180  354 -626  -257   -47  -288  -36  947   -96   832
-470  694  217  -463  -390  -369 -764  -48  -870  -849
-355 -761  -22   250   435   190  333  834   653   900
 947  571   69  -382  -400    23 -557   76    36   253
 265  152 -676   770  -353   370  429 -282  -799   887
-800 -176  457   -24  -432  -652  580 -204   890  -858
-234  -63 -511   -73   -62   148   57   31  -972    74
 370  690 -627   564  -644   660  521 -452   898  -403
 931  831 -113   278   331  -905  142 -133  -187  -853
 585  -83  -98   889    62  -311 -865  415   554  -141
 591 -570  319   729   915   226 -910 -992   744  -355
 676 -307  164  -515   435   619 -602  694  -660  -642
-744   45 -453  -278  -314   277  326 -132  -843   606
 295 -560 -803  -625  -177   499   33  886   100  -373
 768  -11   79   540   823  -185 -836  504  -795  -895
 832 -802  752   854  -559  -651  671  374   295   828
 151  929  662   202   747  -287 -903  990   299  -645
-988 -977  570   875   719   658 -871  616   486   556
-442  436 -485  -765  -769  -931  529  867  -332   446
 533  309  994   797  -797    30  980 -445   638  -182
 326  322  103   388  -999  -697  275  271  -847  -799
 873 -639  333  -110   576   428  534  -44  -692  -162
-420  714 -491  -301   375   219 -512 -668  -498   246
-601 -728 -156   624  -231   859  462  357  -748  -688
 568  844  342  -329   867   -16  340  298  -991  -525
  20   90  444     3  -810   595  178  151   192   483
-634 -737  164  -539   449   600  826 -556  -484  -778
 750  933 -683  -301  -560   358   39  833   361   101
-276  611 -865  -556  -701  -771 -811  -74   918  -935
-779  526  900   802  -258  -533 -368  663  -851   718
-953  681  131   -75    98   988 -953 -377   570  -933
 -66 -135 -767  -520  -752  -390  -50 -182  -517   560
-625  748  236  -359   757   245 -473 -900  -975   339
-363  787 -811  -901  -904   806  132 -338   276   729
-838 -334 -395   805  -156   162   46  409  -647   911
 644  868 -924  -643  -885   933 -343  815   732  -368
 -99  850 -316  -735  -761  -162  965 -422  -511  -243
-320  290  -81  -906   449   678 -666  516  -321  -778
 823  851  624  -755   201    -3  778  194  -678  -174
-445 -810 -222   427   543   464 -665 -103  -580   417
-312   -6  770  -673  -436  -852 -470  401  -394  -372
  77  272  330  -867  -321    19   43  618  -288   282
-609  842 -998   156  -811   131 -958 -599  -797  -215
-388 -176  189  -668   980   177  106  390   775  -120
 179  238  440   902   477  -823  499 -174   745  -455
 994 -593  454   805   638  -175 -283 -437  -926   461
 949  135  649   312   241   269  852  810  -663  -238
-197  802 -466    77  -251   972 -243  527  -709   356
 -17 -877  562  -732  -346   196  786 -132  -142  -430
-603   -1  191   -76   -71  -917 -646 -607  -171   314
 358  530 -539   -86  -558  -400  -57 -117  -972  -753
 763 -865 -383  -261  -456   332  -99  626   967   130
-720  152 -274   473   691  -841  649 -279  -108   515
 528 -805 -448   628   348  -511 -549 -461   350   645
 805  233  588  -923   970   961   76  710  -453   -80
-592  770 -492  -156    29  -334  164  -62  -507   608
 580   -4  940   833     9  -897   61  803  -601  -571
  63  642  472   338   354  -201  898  639  -660   392
-698 -593 -600  -829   465   906  952 -263   189  -179
 288 -861 -995  -940   936   313 -956  130   145  -241
-902  881 -611  -562   894    39  838  -50   787    50
-964  312  944  -347   352  -776 -406  919   240   482
-282  -80  810   173   357   135  604 -849  -661   956
-692  427  779   499  -423   614  -78  754  -940   420
 561  333  407   211   704   241  697 -813   651   -21
-679 -816   48  -276   250  -993  573 -559   737   882
 422  711 -591   911  -893  -110  356 -470  -241   934
 -95  282  776    37  -584   646 -397 -206  -270  -626
-519  223  411  -885   834  -702  400  503  -366  -233
 815  404 -932   908    -2  -283 -427  313   509  -418
-369  284 -492   293  -465  -842 -273  957  -677   355
-212  952  673  -244   925    19  -46   39    10   757
 144  -69  550   647  -459   822   71 -752   -67   -38
 180 -581 -476   -53  -224  -185  468   80   245   963
 874  718  596   548  -272   555 -209  861  -443   988
 402  188  514   402   371   271 -880  324  -385   193
  31 -869 -789  -416   925    33 -957 -395   630   379
 634 -688 -408  -562   505    71 -708 -603  -643   213
 274 -732 -412   654  -896  -736 -276  866   477  -243
 742 -898  861  -420   339   728  933 -224  -638  -323
 882  337  155  -217  -136   290  -68  -82  -402  -938
 627 -122 -444    91  -725   756  935 -782   907    69
  16  887 -417   168  -880  -236 -221  -86    29   546
 272 -994  192  -144  -666   762  409  859   664  -141
-811  897 -616  -898   184    58 -717  286  -962   542
 790 -551 -177  -492  -524  -602  964  641   327   878
-694 -324  275   835   930   578 -194  455   765  -137
 271  850  714    62   909   858 -369 -129   116   111
-709 -597  189  -440   525     9 -580  888  -307   561
 799  633 -952  -509  -130  -858 -677  934  -873   -48
-505 -992  985  -439  -649  -877  736  729   551  -418
 774   80 -104  -571   284   830  506    4   458   125
 647  -57  125   -97  -683   510 -178 -269  -590   760
 302 -893  418   349  -795   418  -52  -59   -79   424
 717  663 -214   -84   522   840  305 -287  -130   981
-889 -883  428  -390  -994  -409  894  860   967   702
 355  263 -624   301  -169  -661  106 -740   547   -91
-587  596  947  -884  -825   -74 -458 -940  -350   278
-572 -977  -82   144   131   391  439  538   248   754
-878 -791  983   -76  -832  -715 -771  446  -830  -741
 408  109  305   744  -433  -264  297 -479   849   346
 782  184 -546    27  -169   -48 -595 -693   971   411
-725   98 -768   401   423  -329  249 -110  -597  -859
-455 -764  312  -677  -559   -72  -94 -767  -567   770
-701  817  854   971  -873   968 -304 -384  -276  -899
 595  154  246  -437   -24  -971  411 -684   785  -757
 508  601  511   469   809  -938  826  923   498  -555
 404 -480 -707   -66  -333   977 -682  916   650   880
-560  -18  -72   378  -879   622  802 -506   217   180
 320 -237  471  -150   186   340 -849 -789  -415   703
-849  509  -48   993   -56  -978 -746  536  -636   -52
 787 -493  946   109   555   499 -194 -627   799  -671
 232 -821  397  -340  -566  -701 -584 -238   923   686
-104 -692  -57   833   229  -160  185  107   -19   235
-582   10  781   510   806  -560 -399  230  -380   -47
 422 -949 -406   198   158   459  141  419  -872  -287
 683 -501 -458   265   378   192 -885  221  -487   480
-285  494  407   423  -187  -185  245 -556   242   231
 446 -750  842   930  -539  -690  -90  269   489   334
 638  566 -752  -555  -379   950  382 -879   230   486
-635 -320  904  -779  -754   246  937 -272   532  -930
-919  982  901   839   124   960  841 -762   314    -3
   7 -484  526   493   124   811  536 -573  -197  -711
-497 -960  457   -43   887  -827  171 -432  -490   959
 883 -609 -823  -495  -128  -793 -912 -867  -239   968
 689  675 -163  -666  -610  -892  645  350   414   732
-790  246 -443    13  -645   767   -1 -835  -991   192
-433  -27  298  -191   232   181 -937   81   851   470
 660  429  326  -184    34  -335 -988 -673   245   319
 922   84  904  -973  -541   948  720  509   432   760
 209   48  591   316   365  -215 -123  554  -935  -871
 102  632 -654  -938   615    -5 -149  234    42    60
-857 -846  907   674   612   433 -333  364   253  -202
 405   79  577   460   302  -968  385  -85  -587  -569
 643  -14 -492  -565   763   151 -740  378  -443  -233
-732  -97 -836  -387    24   998 -375 -440  -350  -250
-707 -452  687   163  -285   966 -580 -282  -774   640
 767  835  237   915   421   935 -634 -912  -164   784
  35 -282  938   956   105   553  926 -985   201  -240
-596 -727  611   816  -289   749 -535 -461   220   325
 383 -902  -80  -143   871  -461 -633  693   840  -598
 664 -851  627  -353   983  -722 -475  771   259   624
-936  676  459    52   515   867 -503  -93   812   -15
-391 -850 -384  -673  -410   643  514  -91  -822  -810
  -9  609  883  -534  -918  -607  807 -862  -262  -420
 668  852 -149   572  -740  -626 -654 -166     4  -666
 833  792 -327   698  -975   845  856   57  -206   539
-206  975  713   574   196  -567 -300   -9  -169  -595
 544  516  439  -545  -254   538  863 -803  -843  -403
 814   60 -601  -723   288    86  658 -723   950   333
-771  713 -401  -184   568  -643   95  861   826   371
 252  -88  132   428   839  -459 -443  516   418   773
 593 -379  476  -111  -387   780  395  846   594   716
-804 -600 -408  -393   349  -389 -260  591   873  -692
-806  362 -281  -374  -273   873 -250 -730  -454   928
 764  131  722   976   190   632  609  232   905   992
-412  689  977   258   721   225 -522  886   774   581
 454  -62  199   951   165   -65 -658 -330   810   425
 694  143  642   401  -521   832  500 -854  -413   256
-114 -494  598 -1000   798   403 -302 -202  -711  -853
-547  232  211   854  -407  -497  483  516  -297  -828
-860  933 -394  -542   502    53 -392  454  -225   715
 610 -461 -254  -942   871   685  698  297   788  -217
-714  -97  816   159  -529   -59  440  623  -742  -506
 139  415  -86  -829  -490  -709  945   26  -551  -867
 167  803 -124   567  -452   312  358 -799  -113  -832
 193 -988  838  -503  -350   995 -503 -537   779  -271
-559 -628  931  -572  -985  -284 -989  995  -926   200
-129 -111  887  -696   163  -253  526 -598  -525  -729
-208 -414  -38    -1  -272  -754  532 -117  -365   321